Time,Actual,Estimated,AprilTag,IMU
0,"[[-0.05979164 -0.99769886  0.03196777 -2.26323104]
 [ 0.99819655 -0.05958853  0.00726982 -4.45463276]
 [-0.00534818  0.03234479  0.99946246  1.40465951]
 [ 0.          0.          0.          1.        ]]","[[-0.05981716 -0.9976973   0.03196873 -2.26332682]
 [ 0.99819495 -0.05961356  0.00728503 -4.45464519]
 [-0.00536248  0.0323468   0.99946232  1.40466611]
 [ 0.          0.          0.          1.        ]]",,"[[-0.05981716 -0.9976973   0.03196873 -2.26332682]
 [ 0.99819495 -0.05961356  0.00728503 -4.45464519]
 [-0.00536248  0.0323468   0.99946232  1.40466611]
 [ 0.          0.          0.          1.        ]]"
0.05,"[[-0.05978446 -0.99769926  0.03196895 -2.26324177]
 [ 0.998197   -0.05958149  0.00726536 -4.45463848]
 [-0.00534389  0.03234566  0.99946246  1.40465665]
 [ 0.          0.          0.          1.        ]]","[[-0.05980998 -0.9976977   0.03196991 -2.26348716]
 [ 0.9981954  -0.05960652  0.00728057 -4.45466444]
 [-0.00535819  0.03234767  0.99946231  1.4046445 ]
 [ 0.          0.          0.          1.        ]]",,"[[-0.05980998 -0.9976977   0.03196991 -2.26348716]
 [ 0.9981954  -0.05960652  0.00728057 -4.45466444]
 [-0.00535819  0.03234767  0.99946231  1.4046445 ]
 [ 0.          0.          0.          1.        ]]"
0.1,"[[-0.05987684 -0.99769968  0.03178234 -2.26326609]
 [ 0.99819138 -0.05967464  0.00727355 -4.45476818]
 [-0.00536022  0.03216037  0.99946835  1.4046675 ]
 [ 0.          0.          0.          1.        ]]","[[-0.05990235 -0.99769812  0.0317833  -2.26360637]
 [ 0.99818977 -0.05969967  0.00728874 -4.45474663]
 [-0.00537451  0.03216238  0.99946821  1.40425147]
 [ 0.          0.          0.          1.        ]]",,"[[-0.05990235 -0.99769812  0.0317833  -2.26360637]
 [ 0.99818977 -0.05969967  0.00728874 -4.45474663]
 [-0.00537451  0.03216238  0.99946821  1.40425147]
 [ 0.          0.          0.          1.        ]]"
0.15,"[[-0.06033348 -0.99768093  0.03150615 -2.26334381]
 [ 0.99816293 -0.06012746  0.00744663 -4.45524311]
 [-0.00553498  0.03189755  0.99947582  1.40485358]
 [ 0.          0.          0.          1.        ]]","[[-0.06035894 -0.99767936  0.03150711 -2.26243902]
 [ 0.99816131 -0.06015245  0.0074617  -4.45538309]
 [-0.00554915  0.03189956  0.99947568  1.40450349]
 [ 0.          0.          0.          1.        ]]",,"[[-0.06035894 -0.99767936  0.03150711 -2.26243902]
 [ 0.99816131 -0.06015245  0.0074617  -4.45538309]
 [-0.00554915  0.03189956  0.99947568  1.40450349]
 [ 0.          0.          0.          1.        ]]"
0.2,"[[-0.06159626 -0.99756215  0.03279717 -2.26350498]
 [ 0.99808609 -0.06138159  0.00751327 -4.45588827]
 [-0.00548181  0.03319719  0.99943379  1.40562677]
 [ 0.          0.          0.          1.        ]]","[[-0.06162177 -0.99756055  0.03279811 -2.25532113]
 [ 0.99808443 -0.06140656  0.00752997 -4.45796795]
 [-0.00549759  0.03319929  0.99943363  1.40814158]
 [ 0.          0.          0.          1.        ]]",,"[[-0.06162177 -0.99756055  0.03279811 -2.25532113]
 [ 0.99808443 -0.06140656  0.00752997 -4.45796795]
 [-0.00549759  0.03319929  0.99943363  1.40814158]
 [ 0.          0.          0.          1.        ]]"
0.25,"[[-0.06417944 -0.9974575   0.03097621 -2.2633884 ]
 [ 0.99792572 -0.06399139  0.00702544 -4.45650816]
 [-0.00502537  0.03136285  0.99949543  1.40860724]
 [ 0.          0.          0.          1.        ]]","[[-0.06420595 -0.99745577  0.03097711 -2.24641709]
 [ 0.99792396 -0.06401753  0.0070375  -4.464739  ]
 [-0.00503651  0.03136465  0.99949532  1.40372285]
 [ 0.          0.          0.          1.        ]]",,"[[-0.06420595 -0.99745577  0.03097711 -2.24641709]
 [ 0.99792396 -0.06401753  0.0070375  -4.464739  ]
 [-0.00503651  0.03136465  0.99949532  1.40372285]
 [ 0.          0.          0.          1.        ]]"
0.3,"[[-0.06773263 -0.99742131  0.02372825 -2.26297927]
 [ 0.99769207 -0.06759881  0.00639815 -4.45694685]
 [-0.00477765  0.02410685  0.99969797  1.41215968]
 [ 0.          0.          0.          1.        ]]","[[-0.06776438 -0.99741913  0.02372923 -2.24038029]
 [ 0.99768998 -0.06763089  0.00638438 -4.47408839]
 [-0.00476307  0.02410705  0.99969804  1.38472317]
 [ 0.          0.          0.          1.        ]]",,"[[-0.06776438 -0.99741913  0.02372923 -2.24038029]
 [ 0.99768998 -0.06763089  0.00638438 -4.47408839]
 [-0.00476307  0.02410705  0.99969804  1.38472317]
 [ 0.          0.          0.          1.        ]]"
0.35,"[[-0.07215741 -0.99724847  0.01699377 -2.26267648]
 [ 0.9973772  -0.07204911  0.00690197 -4.45731068]
 [-0.0056586   0.01744723  0.99983177  1.41559112]
 [ 0.          0.          0.          1.        ]]","[[-0.07218657 -0.99724634  0.01699502 -2.22964694]
 [ 0.99737535 -0.07207903  0.00685817 -4.48340335]
 [-0.0056143   0.01744548  0.99983205  1.37132057]
 [ 0.          0.          0.          1.        ]]",,"[[-0.07218657 -0.99724634  0.01699502 -2.22964694]
 [ 0.99737535 -0.07207903  0.00685817 -4.48340335]
 [-0.0056143   0.01744548  0.99983205  1.37132057]
 [ 0.          0.          0.          1.        ]]"
0.4,"[[-0.07661601 -0.99688088  0.01893418 -2.26305795]
 [ 0.99703606 -0.07646687  0.00847992 -4.45781898]
 [-0.00700563  0.01952775  0.99978477  1.41771829]
 [ 0.          0.          0.          1.        ]]","[[-0.07664801 -0.99687839  0.01893555 -2.20708736]
 [ 0.99703385 -0.07649955  0.00844498 -4.49050623]
 [-0.00697006  0.01952668  0.99978504  1.38113806]
 [ 0.          0.          0.          1.        ]]",,"[[-0.07664801 -0.99687839  0.01893555 -2.20708736]
 [ 0.99703385 -0.07649955  0.00844498 -4.49050623]
 [-0.00697006  0.01952668  0.99978504  1.38113806]
 [ 0.          0.          0.          1.        ]]"
0.45,"[[-0.08148219 -0.99651819  0.01766753 -2.26322627]
 [ 0.99664212 -0.08132317  0.00954098 -4.45825529]
 [-0.00807098  0.01838562  0.99979839  1.41996133]
 [ 0.          0.          0.          1.        ]]","[[-0.08151303 -0.99651564  0.01766911 -2.18685343]
 [ 0.99663993 -0.08135475  0.00950004 -4.50008974]
 [-0.00802947  0.01838412  0.99979876  1.38290579]
 [ 0.          0.          0.          1.        ]]",,"[[-0.08151303 -0.99651564  0.01766911 -2.18685343]
 [ 0.99663993 -0.08135475  0.00950004 -4.50008974]
 [-0.00802947  0.01838412  0.99979876  1.38290579]
 [ 0.          0.          0.          1.        ]]"
0.5,"[[-0.08674912 -0.99601323  0.02079052 -2.26361918]
 [ 0.99618519 -0.08652795  0.01131295 -4.45856476]
 [-0.00946889  0.0216926   0.99971985  1.4224304 ]
 [ 0.          0.          0.          1.        ]]","[[-0.0867851  -0.99601006  0.02079217 -2.15869247]
 [ 0.99618229 -0.08656445  0.01128884 -4.50891199]
 [-0.00944393  0.0216925   0.99972008  1.39763075]
 [ 0.          0.          0.          1.        ]]",,"[[-0.0867851  -0.99601006  0.02079217 -2.15869247]
 [ 0.99618229 -0.08656445  0.01128884 -4.50891199]
 [-0.00944393  0.0216925   0.99972008  1.39763075]
 [ 0.          0.          0.          1.        ]]"
0.55,"[[-0.092285   -0.99536193  0.02716803 -2.26411891]
 [ 0.99567504 -0.09195185  0.01326913 -4.45877218]
 [-0.01070944  0.02827507  0.99954281  1.42459178]
 [ 0.          0.          0.          1.        ]]","[[-0.09233261 -0.99535748  0.02716942 -2.12477667]
 [ 0.99567052 -0.09199913  0.01328071 -4.51792401]
 [-0.01071949  0.02827803  0.99954262  1.41951926]
 [ 0.          0.          0.          1.        ]]",,"[[-0.09233261 -0.99535748  0.02716942 -2.12477667]
 [ 0.99567052 -0.09199913  0.01328071 -4.51792401]
 [-0.01071949  0.02827803  0.99954262  1.41951926]
 [ 0.          0.          0.          1.        ]]"
0.6,"[[-0.09812969 -0.99476376  0.02855902 -2.26420689]
 [ 0.99509949 -0.09773166  0.01501772 -4.45889187]
 [-0.01214796  0.02989275  0.99947929  1.42482066]
 [ 0.          0.          0.          1.        ]]","[[-0.09817959 -0.99475881  0.02856025 -2.09627352]
 [ 0.99509434 -0.09778095  0.01503799 -4.52842193]
 [-0.01216653  0.02989657  0.99947895  1.42791845]
 [ 0.          0.          0.          1.        ]]",,"[[-0.09817959 -0.99475881  0.02856025 -2.09627352]
 [ 0.99509434 -0.09778095  0.01503799 -4.52842193]
 [-0.01216653  0.02989657  0.99947895  1.42791845]
 [ 0.          0.          0.          1.        ]]"
0.65,"[[-0.10431178 -0.99405338  0.03125592 -2.26443315]
 [ 0.99444734 -0.10381044  0.01725919 -4.45905018]
 [-0.01391187  0.0328827   0.99936239  1.42546821]
 [ 0.          0.          0.          1.        ]]","[[-0.1043674  -0.99404751  0.03125681 -2.06442627]
 [ 0.99444101 -0.10386483  0.01729692 -4.53807894]
 [-0.01394748  0.03288829  0.99936171  1.44355234]
 [ 0.          0.          0.          1.        ]]",,"[[-0.1043674  -0.99404751  0.03125681 -2.06442627]
 [ 0.99444101 -0.10386483  0.01729692 -4.53807894]
 [-0.01394748  0.03288829  0.99936171  1.44355234]
 [ 0.          0.          0.          1.        ]]"
0.7,"[[-0.11078219 -0.99326834  0.03384237 -2.26454735]
 [ 0.99372369 -0.11017306  0.01936836 -4.45932865]
 [-0.01550946  0.03577563  0.99923949  1.42630637]
 [ 0.          0.          0.          1.        ]]","[[-0.11084295 -0.99326155  0.03384281 -2.03141109]
 [ 0.99371608 -0.11023186  0.01942375 -4.54857086]
 [-0.01556231  0.03578313  0.9992384   1.45799061]
 [ 0.          0.          0.          1.        ]]",,"[[-0.11084295 -0.99326155  0.03384281 -2.03141109]
 [ 0.99371608 -0.11023186  0.01942375 -4.54857086]
 [-0.01556231  0.03578313  0.9992384   1.45799061]
 [ 0.          0.          0.          1.        ]]"
0.75,"[[-0.11739593 -0.99245993  0.03523476 -2.26457143]
 [ 0.99294707 -0.11671397  0.020832   -4.45965147]
 [-0.01656254  0.03743184  0.99916192  1.4270196 ]
 [ 0.          0.          0.          1.        ]]","[[-0.11745856 -0.99245252  0.03523472 -1.99921591]
 [ 0.99293861 -0.11677417  0.02089758 -4.5601367 ]
 [-0.01662535  0.03744051  0.99916055  1.46661034]
 [ 0.          0.          0.          1.        ]]",,"[[-0.11745856 -0.99245252  0.03523472 -1.99921591]
 [ 0.99293861 -0.11677417  0.02089758 -4.5601367 ]
 [-0.01662535  0.03744051  0.99916055  1.46661034]
 [ 0.          0.          0.          1.        ]]"
0.8,"[[-0.12355773 -0.99164695  0.03701095 -2.26444364]
 [ 0.99219744 -0.12282799  0.02138993 -4.46000767]
 [-0.01666528  0.03936506  0.99908591  1.42682672]
 [ 0.          0.          0.          1.        ]]","[[-0.12362103 -0.99163908  0.03701041 -1.96845744]
 [ 0.9921883  -0.12288828  0.0214673  -4.57198695]
 [-0.01673967  0.03937511  0.99908427  1.47107153]
 [ 0.          0.          0.          1.        ]]",,"[[-0.12362103 -0.99163908  0.03701041 -1.96845744]
 [ 0.9921883  -0.12288828  0.0214673  -4.57198695]
 [-0.01673967  0.03937511  0.99908427  1.47107153]
 [ 0.          0.          0.          1.        ]]"
0.85,"[[-0.13024181 -0.99084249  0.03561233 -2.26405692]
 [ 0.9913575  -0.1295716   0.02053078 -4.46013021]
 [-0.01572842  0.03797851  0.99915477  1.42731118]
 [ 0.          0.          0.          1.        ]]","[[-0.13030629 -0.99083405  0.0356113  -1.93936703]
 [ 0.99134797 -0.12963351  0.0205997  -4.58702703]
 [-0.01579446  0.03798746  0.99915339  1.46419518]
 [ 0.          0.          0.          1.        ]]",,"[[-0.13030629 -0.99083405  0.0356113  -1.93936703]
 [ 0.99134797 -0.12963351  0.0205997  -4.58702703]
 [-0.01579446  0.03798746  0.99915339  1.46419518]
 [ 0.          0.          0.          1.        ]]"
0.9,"[[-0.13729438 -0.99002627  0.03159482 -2.26373172]
 [ 0.99042194 -0.13673775  0.01916137 -4.46008921]
 [-0.01465006  0.03392296  0.99931707  1.42779791]
 [ 0.          0.          0.          1.        ]]","[[-0.13736471 -0.99001656  0.0315934  -1.91204258]
 [ 0.99041162 -0.13680673  0.01920269 -4.6031553 ]
 [-0.01468879  0.03392824  0.99931632  1.44918979]
 [ 0.          0.          0.          1.        ]]",,"[[-0.13736471 -0.99001656  0.0315934  -1.91204258]
 [ 0.99041162 -0.13680673  0.01920269 -4.6031553 ]
 [-0.01468879  0.03392824  0.99931632  1.44918979]
 [ 0.          0.          0.          1.        ]]"
0.95,"[[-0.14497306 -0.98907175  0.0268305  -2.26361418]
 [ 0.9893423  -0.1445337   0.0176583  -4.45999861]
 [-0.01358741  0.02910453  0.99948402  1.42725599]
 [ 0.          0.          0.          1.        ]]","[[-0.14505107 -0.98906036  0.02682892 -1.88267756]
 [ 0.98933082 -0.14461159  0.01766369 -4.62035332]
 [-0.01359068  0.02910481  0.99948397  1.43122155]
 [ 0.          0.          0.          1.        ]]",,"[[-0.14505107 -0.98906036  0.02682892 -1.88267756]
 [ 0.98933082 -0.14461159  0.01766369 -4.62035332]
 [-0.01359068  0.02910481  0.99948397  1.43122155]
 [ 0.          0.          0.          1.        ]]"
1.0,"[[-0.15320509 -0.98771992  0.03061945 -2.26420236]
 [ 0.98810735 -0.15270674  0.01801431 -4.46031713]
 [-0.01311729  0.03301519  0.99936877  1.42729807]
 [ 0.          0.          0.          1.        ]]","[[-0.15328344 -0.98770783  0.03061753 -1.83920336]
 [ 0.98809473 -0.15278389  0.01805226 -4.63468943]
 [-0.01315249  0.03302013  0.99936814  1.43979579]
 [ 0.          0.          0.          1.        ]]",,"[[-0.15328344 -0.98770783  0.03061753 -1.83920336]
 [ 0.98809473 -0.15278389  0.01805226 -4.63468943]
 [-0.01315249  0.03302013  0.99936814  1.43979579]
 [ 0.          0.          0.          1.        ]]"
1.05,"[[-0.16192768 -0.98630228  0.03142027 -2.26443553]
 [ 0.98672386 -0.16143036  0.01778392 -4.46058941]
 [-0.01246813  0.03388283  0.99934804  1.42768109]
 [ 0.          0.          0.          1.        ]]","[[-0.16200536 -0.9862896   0.03141795 -1.79705827]
 [ 0.98671056 -0.16150653  0.01783029 -4.65172166]
 [-0.01251162  0.03388902  0.99934728  1.43958248]
 [ 0.          0.          0.          1.        ]]",,"[[-0.16200536 -0.9862896   0.03141795 -1.79705827]
 [ 0.98671056 -0.16150653  0.01783029 -4.65172166]
 [-0.01251162  0.03388902  0.99934728  1.43958248]
 [ 0.          0.          0.          1.        ]]"
1.1,"[[-0.17097833 -0.98484059  0.02924773 -2.264431  ]
 [ 0.98520726 -0.17054372  0.01677775 -4.46064711]
 [-0.01153539  0.03168371  0.99943138  1.42872596]
 [ 0.          0.          0.          1.        ]]","[[-0.17105824 -0.98482679  0.02924512 -1.75705022]
 [ 0.98519309 -0.17062281  0.01680564 -4.67014758]
 [-0.01156076  0.03168683  0.99943098  1.43058631]
 [ 0.          0.          0.          1.        ]]",,"[[-0.17105824 -0.98482679  0.02924512 -1.75705022]
 [ 0.98519309 -0.17062281  0.01680564 -4.67014758]
 [-0.01156076  0.03168683  0.99943098  1.43058631]
 [ 0.          0.          0.          1.        ]]"
1.15,"[[-0.18027845 -0.98317296  0.02950622 -2.26456809]
 [ 0.98355658 -0.17985785  0.01635874 -4.46081161]
 [-0.01077655  0.03197016  0.99943073  1.42986894]
 [ 0.          0.          0.          1.        ]]","[[-0.18035781 -0.98315849  0.02950331 -1.71251983]
 [ 0.98354171 -0.17993626  0.01639051 -4.68729463]
 [-0.01080576  0.03197389  0.99943029  1.42814921]
 [ 0.          0.          0.          1.        ]]",,"[[-0.18035781 -0.98315849  0.02950331 -1.71251983]
 [ 0.98354171 -0.17993626  0.01639051 -4.68729463]
 [-0.01080576  0.03197389  0.99943029  1.42814921]
 [ 0.          0.          0.          1.        ]]"
1.2,"[[-0.18988205 -0.9812826   0.03208213 -2.26480532]
 [ 0.98175301 -0.18942784  0.01667698 -4.46129084]
 [-0.01028758  0.03466338  0.99934609  1.43083692]
 [ 0.          0.          0.          1.        ]]","[[-0.18996128 -0.98126738  0.03207865 -1.66330089]
 [ 0.9817371  -0.18950511  0.01673538 -4.70344888]
 [-0.01034281  0.03467187  0.99934523  1.43279029]
 [ 0.          0.          0.          1.        ]]",,"[[-0.18996128 -0.98126738  0.03207865 -1.66330089]
 [ 0.9817371  -0.18950511  0.01673538 -4.70344888]
 [-0.01034281  0.03467187  0.99934523  1.43279029]
 [ 0.          0.          0.          1.        ]]"
1.25,"[[-0.19982344 -0.97918731  0.03553595 -2.26499248]
 [ 0.97978131 -0.19931305  0.01740394 -4.46196651]
 [-0.00995894  0.03829518  0.99921684  1.43126023]
 [ 0.          0.          0.          1.        ]]","[[-0.19990396 -0.97917104  0.03553148 -1.61086984]
 [ 0.97976395 -0.19939002  0.01749896 -4.71931825]
 [-0.01004985  0.03831057  0.99921534  1.44016594]
 [ 0.          0.          0.          1.        ]]",,"[[-0.19990396 -0.97917104  0.03553148 -1.61086984]
 [ 0.97976395 -0.19939002  0.01749896 -4.71931825]
 [-0.01004985  0.03831057  0.99921534  1.44016594]
 [ 0.          0.          0.          1.        ]]"
1.3,"[[-0.20987906 -0.97701931  0.03720277 -2.26494336]
 [ 0.97768106 -0.20934688  0.01770945 -4.46247959]
 [-0.00951419  0.04008929  0.9991508   1.43174493]
 [ 0.          0.          0.          1.        ]]","[[-0.20995929 -0.97700229  0.03719713 -1.55979718]
 [ 0.97766277 -0.20942264  0.01782334 -4.73581716]
 [-0.00962353  0.04010843  0.99914899  1.44293159]
 [ 0.          0.          0.          1.        ]]",,"[[-0.20995929 -0.97700229  0.03719713 -1.55979718]
 [ 0.97766277 -0.20942264  0.01782334 -4.73581716]
 [-0.00962353  0.04010843  0.99914899  1.44293159]
 [ 0.          0.          0.          1.        ]]"
1.35,"[[-0.21999138 -0.97478294  0.03744353 -2.26481891]
 [ 0.97546067 -0.21946744  0.01762189 -4.46276283]
 [-0.00895989  0.04040135  0.99914336  1.43260157]
 [ 0.          0.          0.          1.        ]]","[[-0.22007108 -0.97476521  0.03743667 -1.51006501]
 [ 0.97544164 -0.21954248  0.0177401  -4.75239969]
 [-0.00907349  0.04042137  0.99914152  1.44172405]
 [ 0.          0.          0.          1.        ]]",,"[[-0.22007108 -0.97476521  0.03743667 -1.51006501]
 [ 0.97544164 -0.21954248  0.0177401  -4.75239969]
 [-0.00907349  0.04042137  0.99914152  1.44172405]
 [ 0.          0.          0.          1.        ]]"
1.4,"[[-0.23040342 -0.97238633  0.0371361  -2.26476455]
 [ 0.97305649 -0.22988602  0.01770563 -4.46289873]
 [-0.00867964  0.04021496  0.99915335  1.43377376]
 [ 0.          0.          0.          1.        ]]","[[-0.23048274 -0.97236784  0.037128   -1.45938545]
 [ 0.97303669 -0.22996076  0.01782248 -4.76858621]
 [-0.00879202  0.04023468  0.99915158  1.44034954]
 [ 0.          0.          0.          1.        ]]",,"[[-0.23048274 -0.97236784  0.037128   -1.45938545]
 [ 0.97303669 -0.22996076  0.01782248 -4.76858621]
 [-0.00879202  0.04023468  0.99915158  1.44034954]
 [ 0.          0.          0.          1.        ]]"
1.45,"[[-0.24095461 -0.96987881  0.03572064 -2.26473737]
 [ 0.97049679 -0.24044906  0.01789503 -4.46296835]
 [-0.00876702  0.03897866  0.99920158  1.43509459]
 [ 0.          0.          0.          1.        ]]","[[-0.24103362 -0.96985952  0.03571141 -1.40934748]
 [ 0.97047626 -0.24052417  0.01799851 -4.78438987]
 [-0.00886656  0.03899533  0.99920005  1.43768618]
 [ 0.          0.          0.          1.        ]]",,"[[-0.24103362 -0.96985952  0.03571141 -1.40934748]
 [ 0.97047626 -0.24052417  0.01799851 -4.78438987]
 [-0.00886656  0.03899533  0.99920005  1.43768618]
 [ 0.          0.          0.          1.        ]]"
1.5,"[[-0.25143998 -0.96725514  0.03457502 -2.26492763]
 [ 0.96782964 -0.25093054  0.01842979 -4.46300936]
 [-0.00915038  0.03809671  0.99923216  1.43620074]
 [ 0.          0.          0.          1.        ]]","[[-0.25151832 -0.96723514  0.03456479 -1.35892778]
 [ 0.96780843 -0.25100548  0.01852287 -4.79889263]
 [-0.00924002  0.03811094  0.99923079  1.43683301]
 [ 0.          0.          0.          1.        ]]",,"[[-0.25151832 -0.96723514  0.03456479 -1.35892778]
 [ 0.96780843 -0.25100548  0.01852287 -4.79889263]
 [-0.00924002  0.03811094  0.99923079  1.43683301]
 [ 0.          0.          0.          1.        ]]"
1.55,"[[-0.2618717  -0.96449076  0.03436243 -2.26527905]
 [ 0.96505381 -0.26133405  0.01938168 -4.46311617]
 [-0.00971338  0.03823711  0.99922148  1.43679559]
 [ 0.          0.          0.          1.        ]]","[[-0.26194961 -0.96447001  0.03435121 -1.30726464]
 [ 0.96503176 -0.26140856  0.01947455 -4.81221343]
 [-0.00980292  0.03825136  0.99922006  1.43908463]
 [ 0.          0.          0.          1.        ]]",,"[[-0.26194961 -0.96447001  0.03435121 -1.30726464]
 [ 0.96503176 -0.26140856  0.01947455 -4.81221343]
 [-0.00980292  0.03825136  0.99922006  1.43908463]
 [ 0.          0.          0.          1.        ]]"
1.6,"[[-0.27186557 -0.96183972  0.03087817 -2.26535392]
 [ 0.9622825  -0.27137476  0.01918689 -4.46296263]
 [-0.01007516  0.03492978  0.99933898  1.43660784]
 [ 0.          0.          0.          1.        ]]","[[-0.27194451 -0.96181779  0.03086632 -1.26182944]
 [ 0.96225959 -0.27145181  0.01924553 -4.82669836]
 [-0.01013198  0.03493513  0.99933822  1.43134731]
 [ 0.          0.          0.          1.        ]]",,"[[-0.27194451 -0.96181779  0.03086632 -1.26182944]
 [ 0.96225959 -0.27145181  0.01924553 -4.82669836]
 [-0.01013198  0.03493513  0.99933822  1.43134731]
 [ 0.          0.          0.          1.        ]]"
1.65,"[[-0.2830319  -0.95860587  0.03110844 -2.26579523]
 [ 0.95905188 -0.28250709  0.02022981 -4.46290207]
 [-0.01060406  0.03556029  0.99931127  1.43625748]
 [ 0.          0.          0.          1.        ]]","[[-0.28311065 -0.95858302  0.03109584 -1.20516583]
 [ 0.95902794 -0.28258374  0.02029365 -4.83960424]
 [-0.01066597  0.03556713  0.99931037  1.43505909]
 [ 0.          0.          0.          1.        ]]",,"[[-0.28311065 -0.95858302  0.03109584 -1.20516583]
 [ 0.95902794 -0.28258374  0.02029365 -4.83960424]
 [-0.01066597  0.03556713  0.99931037  1.43505909]
 [ 0.          0.          0.          1.        ]]"
1.7,"[[-0.29374125 -0.95520946  0.03592991 -2.26644754]
 [ 0.95581626 -0.29306187  0.02302223 -4.46336699]
 [-0.01146136  0.04110497  0.99908909  1.43507791]
 [ 0.          0.          0.          1.        ]]","[[-0.29383167 -0.95518219  0.03591566 -1.14449227]
 [ 0.95578707 -0.29314757  0.02314263 -4.84870381]
 [-0.01157684  0.04112777  0.99908682  1.45215557]
 [ 0.          0.          0.          1.        ]]",,"[[-0.29383167 -0.95518219  0.03591566 -1.14449227]
 [ 0.95578707 -0.29314757  0.02314263 -4.84870381]
 [-0.01157684  0.04112777  0.99908682  1.45215557]
 [ 0.          0.          0.          1.        ]]"
1.75,"[[-0.30488612 -0.95165369  0.03741274 -2.2666173 ]
 [ 0.9523098  -0.3041195   0.02484709 -4.46390104]
 [-0.01226788  0.04320406  0.99899095  1.43445504]
 [ 0.          0.          0.          1.        ]]","[[-0.30497851 -0.95162471  0.0373968  -1.08573093]
 [ 0.95227847 -0.30420606  0.02498793 -4.85997135]
 [-0.0124028   0.04323295  0.99898803  1.46157527]
 [ 0.          0.          0.          1.        ]]",,"[[-0.30497851 -0.95162471  0.0373968  -1.08573093]
 [ 0.95227847 -0.30420606  0.02498793 -4.85997135]
 [-0.0124028   0.04323295  0.99898803  1.46157527]
 [ 0.          0.          0.          1.        ]]"
1.8,"[[-0.31603547 -0.94805637  0.03620365 -2.26658893]
 [ 0.94865909 -0.31525535  0.02569039 -4.46434689]
 [-0.01294255  0.042464    0.99901416  1.43421781]
 [ 0.          0.          0.          1.        ]]","[[-0.31612676 -0.9480266   0.03618619 -1.03012092]
 [ 0.94862696 -0.3153414   0.02582031 -4.87193465]
 [-0.01306733  0.04248969  0.99901145  1.4629467 ]
 [ 0.          0.          0.          1.        ]]",,"[[-0.31612676 -0.9480266   0.03618619 -1.03012092]
 [ 0.94862696 -0.3153414   0.02582031 -4.87193465]
 [-0.01306733  0.04248969  0.99901145  1.4629467 ]
 [ 0.          0.          0.          1.        ]]"
1.85,"[[-0.3273673  -0.94426786  0.03447987 -2.2665844 ]
 [ 0.94480021 -0.32659297  0.02626022 -4.46470118]
 [-0.0135358   0.04117332  0.99906033  1.43385482]
 [ 0.          0.          0.          1.        ]]","[[-0.32745757 -0.94423724  0.03446107 -0.97381516]
 [ 0.94476736 -0.3266789   0.02637297 -4.88370773]
 [-0.01364463  0.04119373  0.99905801  1.46202972]
 [ 0.          0.          0.          1.        ]]",,"[[-0.32745757 -0.94423724  0.03446107 -0.97381516]
 [ 0.94476736 -0.3266789   0.02637297 -4.88370773]
 [-0.01364463  0.04119373  0.99905801  1.46202972]
 [ 0.          0.          0.          1.        ]]"
1.9,"[[-0.33896216 -0.94024485  0.03231536 -2.26670241]
 [ 0.94069139 -0.3382011   0.0268275  -4.46482325]
 [-0.01429533  0.03949228  0.99911761  1.43405545]
 [ 0.          0.          0.          1.        ]]","[[-0.33905128 -0.9402134   0.03229548 -0.91618359]
 [ 0.94065794 -0.338287    0.02691734 -4.89504927]
 [-0.0143829   0.03950535  0.99911584  1.46150081]
 [ 0.          0.          0.          1.        ]]",,"[[-0.33905128 -0.9402134   0.03229548 -0.91618359]
 [ 0.94065794 -0.338287    0.02691734 -4.89504927]
 [-0.0143829   0.03950535  0.99911584  1.46150081]
 [ 0.          0.          0.          1.        ]]"
1.95,"[[-0.3504194  -0.93615122  0.02875982 -2.26666284]
 [ 0.93647016 -0.34971117  0.02693958 -4.4647069 ]
 [-0.01516189  0.03637286  0.99922326  1.43446255]
 [ 0.          0.          0.          1.        ]]","[[-0.35050839 -0.93611854  0.02873932 -0.86084877]
 [ 0.93643603 -0.34979868  0.02698964 -4.90656673]
 [-0.01521253  0.03637263  0.9992225   1.45736236]
 [ 0.          0.          0.          1.        ]]",,"[[-0.35050839 -0.93611854  0.02873932 -0.86084877]
 [ 0.93643603 -0.34979868  0.02698964 -4.90656673]
 [-0.01521253  0.03637263  0.9992225   1.45736236]
 [ 0.          0.          0.          1.        ]]"
2.0,"[[-0.36182041 -0.93188994  0.02582878 -2.26663661]
 [ 0.93210724 -0.36114586  0.02738154 -4.4646616 ]
 [-0.01618863  0.03398239  0.99929131  1.43442941]
 [ 0.          0.          0.          1.        ]]","[[-0.36190835 -0.93185637  0.02580807 -0.8047253 ]
 [ 0.93207274 -0.36123354  0.02739952 -4.91660162]
 [-0.01620968  0.03397112  0.99929135  1.45512087]
 [ 0.          0.          0.          1.        ]]",,"[[-0.36190835 -0.93185637  0.02580807 -0.8047253 ]
 [ 0.93207274 -0.36123354  0.02739952 -4.91660162]
 [-0.01620968  0.03397112  0.99929135  1.45512087]
 [ 0.          0.          0.          1.        ]]"
2.05,"[[-0.37337577 -0.92730608  0.02634337 -2.26703119]
 [ 0.92751452 -0.3726219   0.02949116 -4.46503019]
 [-0.01753121  0.03544514  0.99921784  1.4337436 ]
 [ 0.          0.          0.          1.        ]]","[[-0.37346443 -0.92727097  0.02632227 -0.7427755 ]
 [ 0.92747824 -0.37270994  0.02951967 -4.92302534]
 [-0.01756216  0.03543788  0.99921756  1.46395519]
 [ 0.          0.          0.          1.        ]]",,"[[-0.37346443 -0.92727097  0.02632227 -0.7427755 ]
 [ 0.92747824 -0.37270994  0.02951967 -4.92302534]
 [-0.01756216  0.03543788  0.99921756  1.46395519]
 [ 0.          0.          0.          1.        ]]"
