Time,Actual,Estimated,AprilTag,IMU
0,"[[-5.26455305e-02 -9.98591574e-01  6.58157513e-03 -3.51558590e+00]
 [ 9.98547687e-01 -5.25654015e-02  1.18065527e-02 -6.90090179e+00]
 [-1.14439609e-02  7.19357885e-03  9.99908640e-01  1.48267698e+00]
 [ 0.00000000e+00  0.00000000e+00  0.00000000e+00  1.00000000e+00]]","[[-5.25667543e-02 -9.98593785e-01  6.86948783e-03 -3.51556636e+00]
 [ 9.98548145e-01 -5.24808434e-02  1.21393384e-02 -6.90093776e+00]
 [-1.17617514e-02  7.49763995e-03  9.99902719e-01  1.48268752e+00]
 [ 0.00000000e+00  0.00000000e+00  0.00000000e+00  1.00000000e+00]]",,"[[-5.25667543e-02 -9.98593785e-01  6.86948783e-03 -3.51556636e+00]
 [ 9.98548145e-01 -5.24808434e-02  1.21393384e-02 -6.90093776e+00]
 [-1.17617514e-02  7.49763995e-03  9.99902719e-01  1.48268752e+00]
 [ 0.00000000e+00  0.00000000e+00  0.00000000e+00  1.00000000e+00]]"
0.05,"[[-5.26821316e-02 -9.98591397e-01  6.30997695e-03 -3.51561975e+00]
 [ 9.98548965e-01 -5.26071712e-02  1.15086602e-02 -6.90090799e+00]
 [-1.11604991e-02  6.90712171e-03  9.99913864e-01  1.48265815e+00]
 [ 0.00000000e+00  0.00000000e+00  0.00000000e+00  1.00000000e+00]]","[[-5.26033500e-02 -9.98593689e-01  6.59787707e-03 -3.51572121e+00]
 [ 9.98549517e-01 -5.25227847e-02  1.18414489e-02 -6.90156868e+00]
 [-1.14782573e-02  7.21120684e-03  9.99908120e-01  1.47966927e+00]
 [ 0.00000000e+00  0.00000000e+00  0.00000000e+00  1.00000000e+00]]",,"[[-5.26033500e-02 -9.98593689e-01  6.59787707e-03 -3.51572121e+00]
 [ 9.98549517e-01 -5.25227847e-02  1.18414489e-02 -6.90156868e+00]
 [-1.14782573e-02  7.21120684e-03  9.99908120e-01  1.47966927e+00]
 [ 0.00000000e+00  0.00000000e+00  0.00000000e+00  1.00000000e+00]]"
0.1,"[[-5.29620746e-02 -9.98579021e-01  5.91251096e-03 -3.51567006e+00]
 [ 9.98537694e-01 -5.28937580e-02  1.11679727e-02 -6.90094709e+00]
 [-1.08393683e-02  6.49534406e-03  9.99920156e-01  1.48261881e+00]
 [ 0.00000000e+00  0.00000000e+00  0.00000000e+00  1.00000000e+00]]","[[-5.28833028e-02 -9.98581450e-01  6.20031703e-03 -3.51444039e+00]
 [ 9.98538371e-01 -5.28096119e-02  1.15007339e-02 -6.90307984e+00]
 [-1.11569832e-02  6.79945125e-03  9.99914641e-01  1.47589047e+00]
 [ 0.00000000e+00  0.00000000e+00  0.00000000e+00  1.00000000e+00]]",,"[[-5.28833028e-02 -9.98581450e-01  6.20031703e-03 -3.51444039e+00]
 [ 9.98538371e-01 -5.28096119e-02  1.15007339e-02 -6.90307984e+00]
 [-1.11569832e-02  6.79945125e-03  9.99914641e-01  1.47589047e+00]
 [ 0.00000000e+00  0.00000000e+00  0.00000000e+00  1.00000000e+00]]"
0.15,"[[-5.37144489e-02 -9.98532974e-01  6.83059286e-03 -3.51580548e+00]
 [ 9.98494090e-01 -5.36334664e-02  1.15326804e-02 -6.90098143e+00]
 [-1.11494133e-02  7.43977818e-03  9.99910166e-01  1.48287261e+00]
 [ 0.00000000e+00  0.00000000e+00  0.00000000e+00  1.00000000e+00]]","[[-0.05363631 -0.99853517  0.00711814 -3.50800044]
 [ 0.99849469 -0.05354954  0.01186634 -6.90508711]
 [-0.01146779  0.00774389  0.99990426  1.48191924]
 [ 0.          0.          0.          1.        ]]",,"[[-0.05363631 -0.99853517  0.00711814 -3.50800044]
 [ 0.99849469 -0.05354954  0.01186634 -6.90508711]
 [-0.01146779  0.00774389  0.99990426  1.48191924]
 [ 0.          0.          0.          1.        ]]"
0.2,"[[-0.05447361 -0.99848162  0.00819008 -3.51577473]
 [ 0.99844792 -0.05437288  0.01205611 -6.90113258]
 [-0.01159249  0.00883411  0.99989378  1.4835459 ]
 [ 0.          0.          0.          1.        ]]","[[-0.05439661 -0.99848342  0.00847736 -3.50102524]
 [ 0.99844835 -0.0542895   0.01239101 -6.90709657]
 [-0.01191199  0.00913824  0.99988729  1.49071012]
 [ 0.          0.          0.          1.        ]]",,"[[-0.05439661 -0.99848342  0.00847736 -3.50102524]
 [ 0.99844835 -0.0542895   0.01239101 -6.90709657]
 [-0.01191199  0.00913824  0.99988729  1.49071012]
 [ 0.          0.          0.          1.        ]]"
0.25,"[[-0.05459359 -0.99848109  0.00742038 -3.51532888]
 [ 0.99844232 -0.05450279  0.01193255 -6.90140057]
 [-0.01151     0.00806026  0.99990127  1.48493266]
 [ 0.          0.          0.          1.        ]]","[[-0.05451644 -0.99848312  0.00770762 -3.50150567]
 [ 0.9984428  -0.05441954  0.01226739 -6.90815435]
 [-0.01182934  0.00836439  0.99989505  1.48786688]
 [ 0.          0.          0.          1.        ]]",,"[[-0.05451644 -0.99848312  0.00770762 -3.50150567]
 [ 0.9984428  -0.05441954  0.01226739 -6.90815435]
 [-0.01182934  0.00836439  0.99989505  1.48786688]
 [ 0.          0.          0.          1.        ]]"
0.3,"[[-0.05426159 -0.99849979  0.00733881 -3.51476216]
 [ 0.99846257 -0.0541733   0.0117366  -6.90186405]
 [-0.01132142  0.00796438  0.99990419  1.48717523]
 [ 0.          0.          0.          1.        ]]","[[-0.05418443 -0.99850182  0.00762617 -3.5042115 ]
 [ 0.99846309 -0.05409013  0.01207137 -6.90740172]
 [-0.01164078  0.00826853  0.99989806  1.48707761]
 [ 0.          0.          0.          1.        ]]",,"[[-0.05418443 -0.99850182  0.00762617 -3.5042115 ]
 [ 0.99846309 -0.05409013  0.01207137 -6.90740172]
 [-0.01164078  0.00826853  0.99989806  1.48707761]
 [ 0.          0.          0.          1.        ]]"
0.35,"[[-0.05462969 -0.99845916  0.00974133 -3.51436758]
 [ 0.99844178 -0.05451231  0.01193365 -6.90233088]
 [-0.01138424  0.01037809  0.99988134  1.49068749]
 [ 0.          0.          0.          1.        ]]","[[-0.05455377 -0.99846047  0.01002855 -3.4983452 ]
 [ 0.99844223 -0.05442954  0.01226935 -6.90812917]
 [-0.01170461  0.01068227  0.99987444  1.49811161]
 [ 0.          0.          0.          1.        ]]",,"[[-0.05455377 -0.99846047  0.01002855 -3.4983452 ]
 [ 0.99844223 -0.05442954  0.01226935 -6.90812917]
 [-0.01170461  0.01068227  0.99987444  1.49811161]
 [ 0.          0.          0.          1.        ]]"
0.4,"[[-0.0558171  -0.99838421  0.01064977 -3.51393342]
 [ 0.99837725 -0.05568982  0.01189582 -6.90258455]
 [-0.01128351  0.01129648  0.99987253  1.49394512]
 [ 0.          0.          0.          1.        ]]","[[-0.05574143 -0.99838534  0.01093658 -3.48868913]
 [ 0.99837779 -0.055607    0.01223294 -6.91237876]
 [-0.01160504  0.01160072  0.99986536  1.50073862]
 [ 0.          0.          0.          1.        ]]",,"[[-0.05574143 -0.99838534  0.01093658 -3.48868913]
 [ 0.99837779 -0.055607    0.01223294 -6.91237876]
 [-0.01160504  0.01160072  0.99986536  1.50073862]
 [ 0.          0.          0.          1.        ]]"
0.45,"[[-0.05777583 -0.99825579  0.01213833 -3.51365685]
 [ 0.9982624  -0.05762662  0.01230271 -6.90279961]
 [-0.01158176  0.01282804  0.99985064  1.49683428]
 [ 0.          0.          0.          1.        ]]","[[-0.05770122 -0.99825658  0.01242446 -3.47300045]
 [ 0.9982629  -0.05754423  0.01264333 -6.91841386]
 [-0.01190633  0.01313242  0.99984288  1.50830653]
 [ 0.          0.          0.          1.        ]]",,"[[-0.05770122 -0.99825658  0.01242446 -3.47300045]
 [ 0.9982629  -0.05754423  0.01264333 -6.91841386]
 [-0.01190633  0.01313242  0.99984288  1.50830653]
 [ 0.          0.          0.          1.        ]]"
0.5,"[[-0.06033085 -0.99797146  0.02032631 -3.51385117]
 [ 0.99809303 -0.06004681  0.01430665 -6.90316343]
 [-0.0130571   0.02115068  0.99969103  1.50044024]
 [ 0.          0.          0.          1.        ]]","[[-0.06027512 -0.99796898  0.02061115 -3.44353253]
 [ 0.99809182 -0.05997959  0.01466843 -6.92340675]
 [-0.01340239  0.02145596  0.99967996  1.5511742 ]
 [ 0.          0.          0.          1.        ]]",,"[[-0.06027512 -0.99796898  0.02061115 -3.44353253]
 [ 0.99809182 -0.05997959  0.01466843 -6.92340675]
 [-0.01340239  0.02145596  0.99967996  1.5511742 ]
 [ 0.          0.          0.          1.        ]]"
0.55,"[[-0.06393107 -0.99780731  0.0171284  -3.51329732]
 [ 0.99783531 -0.06364897  0.01653807 -6.90319681]
 [-0.0154116   0.01814861  0.99971652  1.5040313 ]
 [ 0.          0.          0.          1.        ]]","[[-0.06386748 -0.99780648  0.01741211 -3.42302109]
 [ 0.99783417 -0.06357453  0.01688926 -6.93333426]
 [-0.01574524  0.01845307  0.99970574  1.55529128]
 [ 0.          0.          0.          1.        ]]",,"[[-0.06386748 -0.99780648  0.01741211 -3.42302109]
 [ 0.99783417 -0.06357453  0.01688926 -6.93333426]
 [-0.01574524  0.01845307  0.99970574  1.55529128]
 [ 0.          0.          0.          1.        ]]"
0.6,"[[-6.86780966e-02 -9.97631042e-01  3.95269618e-03 -3.51248002e+00]
 [ 9.97472263e-01 -6.85936814e-02  1.85469981e-02 -6.90277767e+00]
 [-1.82319310e-02  5.21647733e-03  9.99820176e-01  1.50732529e+00]
 [ 0.00000000e+00  0.00000000e+00  0.00000000e+00  1.00000000e+00]]","[[-6.85849987e-02 -9.97636284e-01  4.23594950e-03 -3.40850286e+00]
 [ 9.97473742e-01 -6.84938549e-02  1.88341410e-02 -6.94768482e+00]
 [-1.84994859e-02  5.51698793e-03  9.99813649e-01  1.52340880e+00]
 [ 0.00000000e+00  0.00000000e+00  0.00000000e+00  1.00000000e+00]]",,"[[-6.85849987e-02 -9.97636284e-01  4.23594950e-03 -3.40850286e+00]
 [ 9.97473742e-01 -6.84938549e-02  1.88341410e-02 -6.94768482e+00]
 [-1.84994859e-02  5.51698793e-03  9.99813649e-01  1.52340880e+00]
 [ 0.00000000e+00  0.00000000e+00  0.00000000e+00  1.00000000e+00]]"
0.65,"[[-7.44329501e-02 -9.97223266e-01  2.34391146e-03 -3.51269460e+00]
 [ 9.97001379e-01 -7.43660904e-02  2.13994240e-02 -6.90275240e+00]
 [-2.11656960e-02  3.92970522e-03  9.99768259e-01  1.50899959e+00]
 [ 0.00000000e+00  0.00000000e+00  0.00000000e+00  1.00000000e+00]]","[[-7.43352156e-02 -9.97229854e-01  2.62564777e-03 -3.37085977e+00]
 [ 9.97003143e-01 -7.42612353e-02  2.16795089e-02 -6.96201314e+00]
 [-2.14244697e-02  4.22933005e-03  9.99761524e-01  1.53636611e+00]
 [ 0.00000000e+00  0.00000000e+00  0.00000000e+00  1.00000000e+00]]",,"[[-7.43352156e-02 -9.97229854e-01  2.62564777e-03 -3.37085977e+00]
 [ 9.97003143e-01 -7.42612353e-02  2.16795089e-02 -6.96201314e+00]
 [-2.14244697e-02  4.22933005e-03  9.99761524e-01  1.53636611e+00]
 [ 0.00000000e+00  0.00000000e+00  0.00000000e+00  1.00000000e+00]]"
0.7,"[[-0.08039208 -0.99669075  0.01202749 -3.51360273]
 [ 0.99647932 -0.0800753   0.02483782 -6.90309811]
 [-0.02379252  0.01398191  0.99961914  1.50830376]
 [ 0.          0.          0.          1.        ]]","[[-0.08033038 -0.99669232  0.01230619 -3.31550513]
 [ 0.9964767  -0.08000215  0.02517624 -6.9753085 ]
 [-0.02410845  0.01428525  0.99960728  1.59087222]
 [ 0.          0.          0.          1.        ]]",,"[[-0.08033038 -0.99669232  0.01230619 -3.31550513]
 [ 0.9964767  -0.08000215  0.02517624 -6.9753085 ]
 [-0.02410845  0.01428525  0.99960728  1.59087222]
 [ 0.          0.          0.          1.        ]]"
0.75,"[[-0.08709475 -0.99587881  0.02529636 -3.51456618]
 [ 0.99585188 -0.08636497  0.02863768 -6.90352201]
 [-0.02633494  0.02768562  0.99926972  1.50550056]
 [ 0.          0.          0.          1.        ]]","[[-0.0870871  -0.99587248  0.0255703  -3.2488477 ]
 [ 0.99584184 -0.08633815  0.02906461 -6.99030235]
 [-0.02673695  0.02799513  0.99925042  1.65920145]
 [ 0.          0.          0.          1.        ]]",,"[[-0.0870871  -0.99587248  0.0255703  -3.2488477 ]
 [ 0.99584184 -0.08633815  0.02906461 -6.99030235]
 [-0.02673695  0.02799513  0.99925042  1.65920145]
 [ 0.          0.          0.          1.        ]]"
0.8,"[[-0.09421264 -0.99538249  0.01837581 -3.51414871]
 [ 0.99512649 -0.09361665  0.03097068 -6.90340376]
 [-0.02910739  0.02120408  0.99935136  1.50360024]
 [ 0.          0.          0.          1.        ]]","[[-0.09418782 -0.99537979  0.0186476  -3.20853241]
 [ 0.99511846 -0.09357577  0.03135008 -7.0118637 ]
 [-0.02946027  0.02150937  0.9993345   1.65336224]
 [ 0.          0.          0.          1.        ]]",,"[[-0.09418782 -0.99537979  0.0186476  -3.20853241]
 [ 0.99511846 -0.09357577  0.03135008 -7.0118637 ]
 [-0.02946027  0.02150937  0.9993345   1.65336224]
 [ 0.          0.          0.          1.        ]]"
0.85,"[[-0.10210132 -0.99473226  0.00911333 -3.51374435]
 [ 0.99429222 -0.1017625   0.03205257 -6.90313339]
 [-0.03095633  0.01233392  0.99944464  1.50391793]
 [ 0.          0.          0.          1.        ]]","[[-0.10206484 -0.99473349  0.00938314 -3.16588896]
 [ 0.99428724 -0.1017138   0.0323602  -7.03655999]
 [-0.03123538  0.01263238  0.99943223  1.63315617]
 [ 0.          0.          0.          1.        ]]",,"[[-0.10206484 -0.99473349  0.00938314 -3.16588896]
 [ 0.99428724 -0.1017138   0.0323602  -7.03655999]
 [-0.03123538  0.01263238  0.99943223  1.63315617]
 [ 0.          0.          0.          1.        ]]"
0.9,"[[-0.10989229 -0.99389891  0.0094154  -3.51357818]
 [ 0.9934424  -0.10953121  0.03278877 -6.90328598]
 [-0.03155744  0.01295689  0.99941795  1.50535357]
 [ 0.          0.          0.          1.        ]]","[[-0.10985621 -0.99390033  0.00968275 -3.11044395]
 [ 0.99343735 -0.10948255  0.03310285 -7.05979145]
 [-0.03184084  0.01325576  0.99940505  1.64070586]
 [ 0.          0.          0.          1.        ]]",,"[[-0.10985621 -0.99390033  0.00968275 -3.11044395]
 [ 0.99343735 -0.10948255  0.03310285 -7.05979145]
 [-0.03184084  0.01325576  0.99940505  1.64070586]
 [ 0.          0.          0.          1.        ]]"
0.95,"[[-0.11739906 -0.99303198  0.01024473 -3.51303315]
 [ 0.99258359 -0.11700585  0.03297639 -6.90346479]
 [-0.03154791  0.01404015  0.99940362  1.50649345]
 [ 0.          0.          0.          1.        ]]","[[-0.1173633  -0.99303344  0.01050964 -3.05568814]
 [ 0.99257851 -0.1169571   0.03330056 -7.08324662]
 [-0.0318394   0.0143399   0.99939012  1.64458872]
 [ 0.          0.          0.          1.        ]]",,"[[-0.1173633  -0.99303344  0.01050964 -3.05568814]
 [ 0.99257851 -0.1169571   0.03330056 -7.08324662]
 [-0.0318394   0.0143399   0.99939012  1.64458872]
 [ 0.          0.          0.          1.        ]]"
1.0,"[[-0.12516941 -0.99205735  0.01244336 -3.51264334]
 [ 0.99163278 -0.12469699  0.03339291 -6.90362167]
 [-0.03157603  0.01651901  0.99936484  1.50696719]
 [ 0.          0.          0.          1.        ]]","[[-0.12513507 -0.99205836  0.01270553 -2.99672586]
 [ 0.99162718 -0.12464859  0.03373818 -7.10606787]
 [-0.03188651  0.01682098  0.99934994  1.65381827]
 [ 0.          0.          0.          1.        ]]",,"[[-0.12513507 -0.99205836  0.01270553 -2.99672586]
 [ 0.99162718 -0.12464859  0.03373818 -7.10606787]
 [-0.03188651  0.01682098  0.99934994  1.65381827]
 [ 0.          0.          0.          1.        ]]"
1.05,"[[-0.13444708 -0.99085956  0.01101419 -3.51222777]
 [ 0.99041522 -0.13401519  0.03343071 -6.90349722]
 [-0.03164907  0.01540329  0.99938035  1.50836968]
 [ 0.          0.          0.          1.        ]]","[[-0.1344123  -0.99086137  0.01127323 -2.93159424]
 [ 0.99041031 -0.13396693  0.03376795 -7.13418366]
 [-0.03194912  0.01570395  0.99936612  1.65085062]
 [ 0.          0.          0.          1.        ]]",,"[[-0.1344123  -0.99086137  0.01127323 -2.93159424]
 [ 0.99041031 -0.13396693  0.03376795 -7.13418366]
 [-0.03194912  0.01570395  0.99936612  1.65085062]
 [ 0.          0.          0.          1.        ]]"
1.1,"[[-0.14426962 -0.98948553  0.01023037 -3.51170135]
 [ 0.98905453 -0.14386809  0.03275829 -6.90342379]
 [-0.03094203  0.01484442  0.99941094  1.5101639 ]
 [ 0.          0.          0.          1.        ]]","[[-0.14423484 -0.98948792  0.01048608 -2.86153786]
 [ 0.98905031 -0.14382034  0.03309358 -7.16443478]
 [-0.03123758  0.01514451  0.99939725  1.64431815]
 [ 0.          0.          0.          1.        ]]",,"[[-0.14423484 -0.98948792  0.01048608 -2.86153786]
 [ 0.98905031 -0.14382034  0.03309358 -7.16443478]
 [-0.03123758  0.01514451  0.99939725  1.64431815]
 [ 0.          0.          0.          1.        ]]"
1.15,"[[-0.15447127 -0.9879384   0.01078618 -3.51100111]
 [ 0.98755889 -0.15406834  0.03147039 -6.90344667]
 [-0.029429    0.01551326  0.99944648  1.51135433]
 [ 0.          0.          0.          1.        ]]","[[-0.15443531 -0.98794124  0.01103837 -2.78643805]
 [ 0.98755539 -0.1540195   0.03181742 -7.1960176 ]
 [-0.02973362  0.01581473  0.99943274  1.63624652]
 [ 0.          0.          0.          1.        ]]",,"[[-0.15443531 -0.98794124  0.01103837 -2.78643805]
 [ 0.98755539 -0.1540195   0.03181742 -7.1960176 ]
 [-0.02973362  0.01581473  0.99943274  1.63624652]
 [ 0.          0.          0.          1.        ]]"
1.2,"[[-0.16493667 -0.98627146  0.00803095 -3.50983906]
 [ 0.98592834 -0.1646436   0.02894484 -6.9033227 ]
 [-0.02722523  0.01269201  0.99954875  1.5123744 ]
 [ 0.          0.          0.          1.        ]]","[[-0.16490609 -0.98627452  0.00827955 -2.7134227 ]
 [ 0.98592571 -0.16460206  0.02926867 -7.23025888]
 [-0.02750412  0.0129896   0.99953729  1.61024664]
 [ 0.          0.          0.          1.        ]]",,"[[-0.16490609 -0.98627452  0.00827955 -2.7134227 ]
 [ 0.98592571 -0.16460206  0.02926867 -7.23025888]
 [-0.02750412  0.0129896   0.99953729  1.61024664]
 [ 0.          0.          0.          1.        ]]"
1.25,"[[-1.75902074e-01 -9.84397533e-01  4.46742887e-03 -3.50851107e+00]
 [ 9.84105017e-01 -1.75733657e-01  2.55929272e-02 -6.90306187e+00]
 [-2.44085368e-02  8.89826813e-03  9.99662465e-01  1.51301575e+00]
 [ 0.00000000e+00  0.00000000e+00  0.00000000e+00  1.00000000e+00]]","[[-1.75881374e-01 -9.84400088e-01  4.71254384e-03 -2.63724797e+00]
 [ 9.84102665e-01 -1.75704326e-01  2.58830995e-02 -7.26608532e+00]
 [-2.46513111e-02  9.18998206e-03  9.99653869e-01  1.57606966e+00]
 [ 0.00000000e+00  0.00000000e+00  0.00000000e+00  1.00000000e+00]]",,"[[-1.75881374e-01 -9.84400088e-01  4.71254384e-03 -2.63724797e+00]
 [ 9.84102665e-01 -1.75704326e-01  2.58830995e-02 -7.26608532e+00]
 [-2.46513111e-02  9.18998206e-03  9.99653869e-01  1.57606966e+00]
 [ 0.00000000e+00  0.00000000e+00  0.00000000e+00  1.00000000e+00]]"
1.3,"[[-1.86454791e-01 -9.82461562e-01  1.97247989e-03 -3.50737906e+00]
 [ 9.82229134e-01 -1.86366074e-01  2.22174584e-02 -6.90277290e+00]
 [-2.14601955e-02  6.07997877e-03  9.99751216e-01  1.51339209e+00]
 [ 0.00000000e+00  0.00000000e+00  0.00000000e+00  1.00000000e+00]]","[[-1.86440853e-01 -9.82463691e-01  2.21456272e-03 -2.56217310e+00]
 [ 9.82226970e-01 -1.86345245e-01  2.24861887e-02 -7.29940000e+00]
 [-2.16791907e-02  6.36754743e-03  9.99744701e-01  1.54496194e+00]
 [ 0.00000000e+00  0.00000000e+00  0.00000000e+00  1.00000000e+00]]",,"[[-1.86440853e-01 -9.82463691e-01  2.21456272e-03 -2.56217310e+00]
 [ 9.82226970e-01 -1.86345245e-01  2.24861887e-02 -7.29940000e+00]
 [-2.16791907e-02  6.36754743e-03  9.99744701e-01  1.54496194e+00]
 [ 0.00000000e+00  0.00000000e+00  0.00000000e+00  1.00000000e+00]]"
1.35,"[[-1.96682555e-01 -9.80464248e-01 -2.41478293e-03 -3.50624013e+00]
 [ 9.80294409e-01 -1.96693532e-01  1.82900728e-02 -6.90223312e+00]
 [-1.84077347e-02  1.23014005e-03  9.99829807e-01  1.51314378e+00]
 [ 0.00000000e+00  0.00000000e+00  0.00000000e+00  1.00000000e+00]]","[[-1.96683663e-01 -9.80464586e-01 -2.17534365e-03 -2.49137701e+00]
 [ 9.80290868e-01 -1.96689899e-01  1.85175009e-02 -7.33219069e+00]
 [-1.85836220e-02  1.50962039e-03  9.99826170e-01  1.50474350e+00]
 [ 0.00000000e+00  0.00000000e+00  0.00000000e+00  1.00000000e+00]]",,"[[-1.96683663e-01 -9.80464586e-01 -2.17534365e-03 -2.49137701e+00]
 [ 9.80290868e-01 -1.96689899e-01  1.85175009e-02 -7.33219069e+00]
 [-1.85836220e-02  1.50962039e-03  9.99826170e-01  1.50474350e+00]
 [ 0.00000000e+00  0.00000000e+00  0.00000000e+00  1.00000000e+00]]"
1.4,"[[-2.06703151e-01 -9.78400523e-01 -2.49494016e-03 -3.50552416e+00]
 [ 9.78277762e-01 -2.06716786e-01  1.55174489e-02 -6.90187311e+00]
 [-1.56980261e-02  7.66761107e-04  9.99876484e-01  1.51242459e+00]
 [ 0.00000000e+00  0.00000000e+00  0.00000000e+00  1.00000000e+00]]","[[-2.06703817e-01 -9.78400958e-01 -2.25784344e-03 -2.41621276e+00]
 [ 9.78274768e-01 -2.06713500e-01  1.57482775e-02 -7.36102111e+00]
 [-1.58748565e-02  1.04643782e-03  9.99873439e-01  1.48430999e+00]
 [ 0.00000000e+00  0.00000000e+00  0.00000000e+00  1.00000000e+00]]",,"[[-2.06703817e-01 -9.78400958e-01 -2.25784344e-03 -2.41621276e+00]
 [ 9.78274768e-01 -2.06713500e-01  1.57482775e-02 -7.36102111e+00]
 [-1.58748565e-02  1.04643782e-03  9.99873439e-01  1.48430999e+00]
 [ 0.00000000e+00  0.00000000e+00  0.00000000e+00  1.00000000e+00]]"
1.45,"[[-2.16990760e-01 -9.76167662e-01  3.42139441e-03 -3.50550985e+00]
 [ 9.76069221e-01 -2.16914945e-01  1.53877578e-02 -6.90215921e+00]
 [-1.42788800e-02  6.67851903e-03  9.99875748e-01  1.51230669e+00]
 [ 0.00000000e+00  0.00000000e+00  0.00000000e+00  1.00000000e+00]]","[[-2.16991665e-01 -9.76166613e-01  3.65536052e-03 -2.33075235e+00]
 [ 9.76065496e-01 -2.16910455e-01  1.56844583e-02 -7.38509633e+00]
 [-1.45177586e-02  6.97126799e-03  9.99870310e-01  1.49879129e+00]
 [ 0.00000000e+00  0.00000000e+00  0.00000000e+00  1.00000000e+00]]",,"[[-2.16991665e-01 -9.76166613e-01  3.65536052e-03 -2.33075235e+00]
 [ 9.76065496e-01 -2.16910455e-01  1.56844583e-02 -7.38509633e+00]
 [-1.45177586e-02  6.97126799e-03  9.99870310e-01  1.49879129e+00]
 [ 0.00000000e+00  0.00000000e+00  0.00000000e+00  1.00000000e+00]]"
1.5,"[[-2.26997230e-01 -9.73881924e-01  5.12399001e-03 -3.50561357e+00]
 [ 9.73794844e-01 -2.26895044e-01  1.55640622e-02 -6.90264225e+00]
 [-1.39949509e-02  8.52271405e-03  9.99865743e-01  1.51320398e+00]
 [ 0.00000000e+00  0.00000000e+00  0.00000000e+00  1.00000000e+00]]","[[-2.26998622e-01 -9.73880359e-01  5.35469869e-03 -2.25248968e+00]
 [ 9.73790786e-01 -2.26890418e-01  1.58821906e-02 -7.40818721e+00]
 [-1.42524237e-02  8.81959162e-03  9.99859532e-01  1.50518160e+00]
 [ 0.00000000e+00  0.00000000e+00  0.00000000e+00  1.00000000e+00]]",,"[[-2.26998622e-01 -9.73880359e-01  5.35469869e-03 -2.25248968e+00]
 [ 9.73790786e-01 -2.26890418e-01  1.58821906e-02 -7.40818721e+00]
 [-1.42524237e-02  8.81959162e-03  9.99859532e-01  1.50518160e+00]
 [ 0.00000000e+00  0.00000000e+00  0.00000000e+00  1.00000000e+00]]"
1.55,"[[-2.37123184e-01 -9.71467840e-01  4.77820828e-03 -3.50581694e+00]
 [ 9.71375579e-01 -2.37022957e-01  1.57987853e-02 -6.90327311e+00]
 [-1.42154668e-02  8.38769310e-03  9.99863774e-01  1.51373589e+00]
 [ 0.00000000e+00  0.00000000e+00  0.00000000e+00  1.00000000e+00]]","[[-2.37124271e-01 -9.71466430e-01  5.00561604e-03 -2.17569256e+00]
 [ 9.71371539e-01 -2.37018062e-01  1.61173966e-02 -7.43087208e+00]
 [-1.44710884e-02  8.68413889e-03  9.99857577e-01  1.50574702e+00]
 [ 0.00000000e+00  0.00000000e+00  0.00000000e+00  1.00000000e+00]]",,"[[-2.37124271e-01 -9.71466430e-01  5.00561604e-03 -2.17569256e+00]
 [ 9.71371539e-01 -2.37018062e-01  1.61173966e-02 -7.43087208e+00]
 [-1.44710884e-02  8.68413889e-03  9.99857577e-01  1.50574702e+00]
 [ 0.00000000e+00  0.00000000e+00  0.00000000e+00  1.00000000e+00]]"
1.6,"[[-2.47121537e-01 -9.68983935e-01  1.03926661e-03 -3.50598502e+00]
 [ 9.68873062e-01 -2.47076712e-01  1.54301166e-02 -6.90375233e+00]
 [-1.46947565e-02  4.82003156e-03  9.99880409e-01  1.51374757e+00]
 [ 0.00000000e+00  0.00000000e+00  0.00000000e+00  1.00000000e+00]]","[[-2.47122942e-01 -9.68983310e-01  1.26375299e-03 -2.10388578e+00]
 [ 9.68869348e-01 -2.47073383e-01  1.57140184e-02 -7.45381647e+00]
 [-1.49143818e-02  5.10770599e-03  9.99875729e-01  1.49432254e+00]
 [ 0.00000000e+00  0.00000000e+00  0.00000000e+00  1.00000000e+00]]",,"[[-2.47122942e-01 -9.68983310e-01  1.26375299e-03 -2.10388578e+00]
 [ 9.68869348e-01 -2.47073383e-01  1.57140184e-02 -7.45381647e+00]
 [-1.49143818e-02  5.10770599e-03  9.99875729e-01  1.49432254e+00]
 [ 0.00000000e+00  0.00000000e+00  0.00000000e+00  1.00000000e+00]]"
1.65,"[[-2.57199521e-01 -9.66358213e-01  4.58828701e-04 -3.50604606e+00]
 [ 9.66242031e-01 -2.57161175e-01  1.56354332e-02 -6.90425587e+00]
 [-1.49914364e-02  4.46476551e-03  9.99877654e-01  1.51461923e+00]
 [ 0.00000000e+00  0.00000000e+00  0.00000000e+00  1.00000000e+00]]","[[-2.57200534e-01 -9.66357813e-01  6.80395791e-04 -2.02684652e+00]
 [ 9.66238396e-01 -2.57157543e-01  1.59172962e-02 -7.47519151e+00]
 [-1.52068346e-02  4.75136161e-03  9.99873080e-01  1.49575201e+00]
 [ 0.00000000e+00  0.00000000e+00  0.00000000e+00  1.00000000e+00]]",,"[[-2.57200534e-01 -9.66357813e-01  6.80395791e-04 -2.02684652e+00]
 [ 9.66238396e-01 -2.57157543e-01  1.59172962e-02 -7.47519151e+00]
 [-1.52068346e-02  4.75136161e-03  9.99873080e-01  1.49575201e+00]
 [ 0.00000000e+00  0.00000000e+00  0.00000000e+00  1.00000000e+00]]"
1.7,"[[-2.67511572e-01 -9.63554613e-01  2.57984923e-04 -3.50565815e+00]
 [ 9.63439770e-01 -2.67475535e-01  1.55128135e-02 -6.90464258e+00]
 [-1.48784384e-02  4.39841008e-03  9.99879636e-01  1.51539171e+00]
 [ 0.00000000e+00  0.00000000e+00  0.00000000e+00  1.00000000e+00]]","[[-2.67512347e-01 -9.63554314e-01  4.76534017e-04 -1.94695656e+00]
 [ 9.63436210e-01 -2.67471746e-01  1.57966615e-02 -7.49712820e+00]
 [-1.50934820e-02  4.68491214e-03  9.99875111e-01  1.49462952e+00]
 [ 0.00000000e+00  0.00000000e+00  0.00000000e+00  1.00000000e+00]]",,"[[-2.67512347e-01 -9.63554314e-01  4.76534017e-04 -1.94695656e+00]
 [ 9.63436210e-01 -2.67471746e-01  1.57966615e-02 -7.49712820e+00]
 [-1.50934820e-02  4.68491214e-03  9.99875111e-01  1.49462952e+00]
 [ 0.00000000e+00  0.00000000e+00  0.00000000e+00  1.00000000e+00]]"
1.75,"[[-2.78176592e-01 -9.60529949e-01  4.11509143e-05 -3.50538015e+00]
 [ 9.60416689e-01 -2.78143133e-01  1.53682138e-02 -6.90467405e+00]
 [-1.47501838e-02  4.31459938e-03  9.99881901e-01  1.51611495e+00]
 [ 0.00000000e+00  0.00000000e+00  0.00000000e+00  1.00000000e+00]]","[[-2.78177106e-01 -9.60529766e-01  2.56548677e-04 -1.86347045e+00]
 [ 9.60413221e-01 -2.78139172e-01  1.56539623e-02 -7.51851361e+00]
 [-1.49647405e-02  4.60096666e-03  9.99877436e-01  1.49338931e+00]
 [ 0.00000000e+00  0.00000000e+00  0.00000000e+00  1.00000000e+00]]",,"[[-2.78177106e-01 -9.60529766e-01  2.56548677e-04 -1.86347045e+00]
 [ 9.60413221e-01 -2.78139172e-01  1.56539623e-02 -7.51851361e+00]
 [-1.49647405e-02  4.60096666e-03  9.99877436e-01  1.49338931e+00]
 [ 0.00000000e+00  0.00000000e+00  0.00000000e+00  1.00000000e+00]]"
1.8,"[[-2.89043960e-01 -9.57315570e-01 -6.98913438e-04 -3.50515413e+00]
 [ 9.57204821e-01 -2.89021485e-01  1.50170568e-02 -6.90448046e+00]
 [-1.45780633e-02  3.67158626e-03  9.99886993e-01  1.51677549e+00]
 [ 0.00000000e+00  0.00000000e+00  0.00000000e+00  1.00000000e+00]]","[[-2.89044273e-01 -9.57315607e-01 -4.86694434e-04 -1.77874452e+00]
 [ 9.57201530e-01 -2.89017607e-01  1.52987925e-02 -7.53976323e+00]
 [-1.47864360e-02  3.95616368e-03  9.99882848e-01  1.48962396e+00]
 [ 0.00000000e+00  0.00000000e+00  0.00000000e+00  1.00000000e+00]]",,"[[-2.89044273e-01 -9.57315607e-01 -4.86694434e-04 -1.77874452e+00]
 [ 9.57201530e-01 -2.89017607e-01  1.52987925e-02 -7.53976323e+00]
 [-1.47864360e-02  3.95616368e-03  9.99882848e-01  1.48962396e+00]
 [ 0.00000000e+00  0.00000000e+00  0.00000000e+00  1.00000000e+00]]"
1.85,"[[-2.99884191e-01 -9.53972622e-01 -2.38924171e-03 -3.50472283e+00]
 [ 9.53867844e-01 -2.99887017e-01  1.42798345e-02 -6.90411043e+00]
 [-1.43390737e-02  2.00327577e-03  9.99895183e-01  1.51702118e+00]
 [ 0.00000000e+00  0.00000000e+00  0.00000000e+00  1.00000000e+00]]","[[-2.99884977e-01 -9.53972876e-01 -2.18004822e-03 -1.69511698e+00]
 [ 9.53864694e-01 -2.99884212e-01  1.45466456e-02 -7.56090850e+00]
 [-1.45308674e-02  2.28284946e-03  9.99891815e-01  1.48099180e+00]
 [ 0.00000000e+00  0.00000000e+00  0.00000000e+00  1.00000000e+00]]",,"[[-2.99884977e-01 -9.53972876e-01 -2.18004822e-03 -1.69511698e+00]
 [ 9.53864694e-01 -2.99884212e-01  1.45466456e-02 -7.56090850e+00]
 [-1.45308674e-02  2.28284946e-03  9.99891815e-01  1.48099180e+00]
 [ 0.00000000e+00  0.00000000e+00  0.00000000e+00  1.00000000e+00]]"
1.9,"[[-3.10875524e-01 -9.50442570e-01 -3.91541733e-03 -3.50422168e+00]
 [ 9.50347531e-01 -3.10899840e-01  1.34484087e-02 -6.90369749e+00]
 [-1.39992427e-02  4.59773906e-04  9.99901900e-01  1.51727259e+00]
 [ 0.00000000e+00  0.00000000e+00  0.00000000e+00  1.00000000e+00]]","[[-3.10876813e-01 -9.50442975e-01 -3.70914745e-03 -1.60960091e+00]
 [ 9.50344490e-01 -3.10898071e-01  1.37018276e-02 -7.58135289e+00]
 [-1.41759726e-02  7.34612646e-04  9.99899246e-01  1.47259447e+00]
 [ 0.00000000e+00  0.00000000e+00  0.00000000e+00  1.00000000e+00]]",,"[[-3.10876813e-01 -9.50442975e-01 -3.70914745e-03 -1.60960091e+00]
 [ 9.50344490e-01 -3.10898071e-01  1.37018276e-02 -7.58135289e+00]
 [-1.41759726e-02  7.34612646e-04  9.99899246e-01  1.47259447e+00]
 [ 0.00000000e+00  0.00000000e+00  0.00000000e+00  1.00000000e+00]]"
1.95,"[[-3.22119979e-01 -9.46690708e-01 -3.92714244e-03 -3.50364399e+00]
 [ 9.46602812e-01 -3.22143616e-01  1.29076589e-02 -6.90349770e+00]
 [-1.34846646e-02  4.40370715e-04  9.99908981e-01  1.51703310e+00]
 [ 0.00000000e+00  0.00000000e+00  0.00000000e+00  1.00000000e+00]]","[[-3.22120927e-01 -9.46691207e-01 -3.72390687e-03 -1.51967295e+00]
 [ 9.46599931e-01 -3.22141656e-01  1.31652198e-02 -7.60067919e+00]
 [-1.36630233e-02  7.15742809e-04  9.99906400e-01  1.46857979e+00]
 [ 0.00000000e+00  0.00000000e+00  0.00000000e+00  1.00000000e+00]]",,"[[-3.22120927e-01 -9.46691207e-01 -3.72390687e-03 -1.51967295e+00]
 [ 9.46599931e-01 -3.22141656e-01  1.31652198e-02 -7.60067919e+00]
 [-1.36630233e-02  7.15742809e-04  9.99906400e-01  1.46857979e+00]
 [ 0.00000000e+00  0.00000000e+00  0.00000000e+00  1.00000000e+00]]"
2.0,"[[-3.33554658e-01 -9.42729002e-01 -1.82200587e-03 -3.50353360e+00]
 [ 9.42636497e-01 -3.33548013e-01  1.34966130e-02 -6.90367985e+00]
 [-1.33313749e-02  2.78436890e-03  9.99907257e-01  1.51641762e+00]
 [ 0.00000000e+00  0.00000000e+00  0.00000000e+00  1.00000000e+00]]","[[-3.33557054e-01 -9.42728519e-01 -1.62224883e-03 -1.42470358e+00]
 [ 9.42632738e-01 -3.33546884e-01  1.37839396e-02 -7.61696949e+00]
 [-1.35356090e-02  3.06854542e-03  9.99903681e-01  1.47647958e+00]
 [ 0.00000000e+00  0.00000000e+00  0.00000000e+00  1.00000000e+00]]",,"[[-3.33557054e-01 -9.42728519e-01 -1.62224883e-03 -1.42470358e+00]
 [ 9.42632738e-01 -3.33546884e-01  1.37839396e-02 -7.61696949e+00]
 [-1.35356090e-02  3.06854542e-03  9.99903681e-01  1.47647958e+00]
 [ 0.00000000e+00  0.00000000e+00  0.00000000e+00  1.00000000e+00]]"
2.05,"[[-3.44734649e-01 -9.38696801e-01 -2.51762325e-03 -3.50342178e+00]
 [ 9.38605295e-01 -3.44736696e-01  1.32932782e-02 -6.90403175e+00]
 [-1.33462748e-02  2.21959907e-03  9.99908471e-01  1.51625764e+00]
 [ 0.00000000e+00  0.00000000e+00  0.00000000e+00  1.00000000e+00]]","[[-3.44736719e-01 -9.38696546e-01 -2.32121725e-03 -1.33501914e+00]
 [ 9.38601694e-01 -3.44735457e-01  1.35765834e-02 -7.63363933e+00]
 [-1.35444979e-02  2.50164838e-03  9.99905140e-01  1.47478284e+00]
 [ 0.00000000e+00  0.00000000e+00  0.00000000e+00  1.00000000e+00]]",,"[[-3.44736719e-01 -9.38696546e-01 -2.32121725e-03 -1.33501914e+00]
 [ 9.38601694e-01 -3.44735457e-01  1.35765834e-02 -7.63363933e+00]
 [-1.35444979e-02  2.50164838e-03  9.99905140e-01  1.47478284e+00]
 [ 0.00000000e+00  0.00000000e+00  0.00000000e+00  1.00000000e+00]]"
2.1,"[[-3.55524649e-01 -9.34654265e-01 -4.86089802e-03 -3.50325704e+00]
 [ 9.34571911e-01 -3.55557853e-01  1.24078877e-02 -6.90441990e+00]
 [-1.33254156e-02 -1.31548842e-04  9.99911204e-01  1.51624274e+00]
 [ 0.00000000e+00  0.00000000e+00  0.00000000e+00  1.00000000e+00]]","[[-3.55527763e-01 -9.34654067e-01 -4.66749708e-03 -1.25005695e+00]
 [ 9.34568223e-01 -3.55558372e-01  1.26680884e-02 -7.64994053e+00]
 [-1.34998480e-02  1.41762668e-04  9.99908863e-01  1.46544827e+00]
 [ 0.00000000e+00  0.00000000e+00  0.00000000e+00  1.00000000e+00]]",,"[[-3.55527763e-01 -9.34654067e-01 -4.66749708e-03 -1.25005695e+00]
 [ 9.34568223e-01 -3.55558372e-01  1.26680884e-02 -7.64994053e+00]
 [-1.34998480e-02  1.41762668e-04  9.99908863e-01  1.46544827e+00]
 [ 0.00000000e+00  0.00000000e+00  0.00000000e+00  1.00000000e+00]]"
2.15,"[[-3.66105166e-01 -9.30552907e-01 -6.18823687e-03 -3.50323772e+00]
 [ 9.30478001e-01 -3.66154766e-01  1.18901891e-02 -6.90494728e+00]
 [-1.33303025e-02 -1.40495861e-03  9.99910161e-01  1.51637733e+00]
 [ 0.00000000e+00  0.00000000e+00  0.00000000e+00  1.00000000e+00]]","[[-3.66108316e-01 -9.30552916e-01 -5.99765231e-03 -1.16489914e+00]
 [ 9.30474429e-01 -3.66155676e-01  1.21390575e-02 -7.66421734e+00]
 [-1.34921098e-02 -1.13645222e-03  9.99908332e-01  1.46056629e+00]
 [ 0.00000000e+00  0.00000000e+00  0.00000000e+00  1.00000000e+00]]",,"[[-3.66108316e-01 -9.30552916e-01 -5.99765231e-03 -1.16489914e+00]
 [ 9.30474429e-01 -3.66155676e-01  1.21390575e-02 -7.66421734e+00]
 [-1.34921098e-02 -1.13645222e-03  9.99908332e-01  1.46056629e+00]
 [ 0.00000000e+00  0.00000000e+00  0.00000000e+00  1.00000000e+00]]"
2.2,"[[-3.76498707e-01 -9.26366800e-01 -9.65791099e-03 -3.50300837e+00]
 [ 9.26321593e-01 -3.76589143e-01  1.04366937e-02 -6.90547705e+00]
 [-1.33052710e-02 -5.01692979e-03  9.99898895e-01  1.51622307e+00]
 [ 0.00000000e+00  0.00000000e+00  0.00000000e+00  1.00000000e+00]]","[[-3.76505350e-01 -9.26366043e-01 -9.46974991e-03 -1.08358120e+00]
 [ 9.26317062e-01 -3.76594312e-01  1.06500628e-02 -7.67916118e+00]
 [-1.34321105e-02 -4.76218531e-03  9.99898445e-01  1.44575167e+00]
 [ 0.00000000e+00  0.00000000e+00  0.00000000e+00  1.00000000e+00]]",,"[[-3.76505350e-01 -9.26366043e-01 -9.46974991e-03 -1.08358120e+00]
 [ 9.26317062e-01 -3.76594312e-01  1.06500628e-02 -7.67916118e+00]
 [-1.34321105e-02 -4.76218531e-03  9.99898445e-01  1.44575167e+00]
 [ 0.00000000e+00  0.00000000e+00  0.00000000e+00  1.00000000e+00]]"
2.25,"[[-0.38689769 -0.92199102 -0.01558003 -3.50260282]
 [ 0.92202893 -0.38704403  0.00771845 -6.90575838]
 [-0.0131465  -0.01137899  0.99984883  1.51463282]
 [ 0.          0.          0.          1.        ]]","[[-0.38691733 -0.92198591 -0.01539364 -1.00450426]
 [ 0.92201975 -0.38706289  0.0078678  -7.69512799]
 [-0.01321231 -0.01114905  0.99985056  1.41792594]
 [ 0.          0.          0.          1.        ]]",,"[[-0.38691733 -0.92198591 -0.01539364 -1.00450426]
 [ 0.92201975 -0.38706289  0.0078678  -7.69512799]
 [-0.01321231 -0.01114905  0.99985056  1.41792594]
 [ 0.          0.          0.          1.        ]]"
2.3,"[[-3.97449945e-01 -9.17390807e-01 -2.06796750e-02 -3.50242019e+00]
 [ 9.17532617e-01 -3.97627287e-01  5.14176007e-03 -6.90588474e+00]
 [-1.29398065e-02 -1.69306841e-02  9.99772931e-01  1.51305854e+00]
 [ 0.00000000e+00  0.00000000e+00  0.00000000e+00  1.00000000e+00]]","[[-3.97479972e-01 -9.17381955e-01 -2.04944044e-02 -9.22325894e-01]
 [ 9.17519433e-01 -3.97656490e-01  5.23503252e-03 -7.70963128e+00]
 [-1.29522573e-02 -1.67231937e-02  9.99776262e-01  1.39441178e+00]
 [ 0.00000000e+00  0.00000000e+00  0.00000000e+00  1.00000000e+00]]",,"[[-3.97479972e-01 -9.17381955e-01 -2.04944044e-02 -9.22325894e-01]
 [ 9.17519433e-01 -3.97656490e-01  5.23503252e-03 -7.70963128e+00]
 [-1.29522573e-02 -1.67231937e-02  9.99776262e-01  1.39441178e+00]
 [ 0.00000000e+00  0.00000000e+00  0.00000000e+00  1.00000000e+00]]"
2.35,"[[-4.08087576e-01 -9.12662523e-01 -2.26196570e-02 -3.50215960e+00]
 [ 9.12860601e-01 -4.08258019e-01  3.30350286e-03 -6.90585899e+00]
 [-1.22496396e-02 -1.93004752e-02  9.99738685e-01  1.51263559e+00]
 [ 0.00000000e+00  0.00000000e+00  0.00000000e+00  1.00000000e+00]]","[[-4.08119945e-01 -9.12652601e-01 -2.24352438e-02 -8.34917077e-01]
 [ 9.12846233e-01 -4.08289544e-01  3.37683922e-03 -7.72235636e+00]
 [-1.22419566e-02 -1.91017724e-02  9.99742595e-01  1.38148145e+00]
 [ 0.00000000e+00  0.00000000e+00  0.00000000e+00  1.00000000e+00]]",,"[[-4.08119945e-01 -9.12652601e-01 -2.24352438e-02 -8.34917077e-01]
 [ 9.12846233e-01 -4.08289544e-01  3.37683922e-03 -7.72235636e+00]
 [-1.22419566e-02 -1.91017724e-02  9.99742595e-01  1.38148145e+00]
 [ 0.00000000e+00  0.00000000e+00  0.00000000e+00  1.00000000e+00]]"
2.4,"[[-4.18608702e-01 -9.07947769e-01 -1.99399896e-02 -3.50184011e+00]
 [ 9.08094487e-01 -4.18751391e-01  3.41707526e-03 -6.90589905e+00]
 [-1.14524242e-02 -1.66769772e-02  9.99795339e-01  1.51286650e+00]
 [ 0.00000000e+00  0.00000000e+00  0.00000000e+00  1.00000000e+00]]","[[-4.18641571e-01 -9.07936619e-01 -1.97567904e-02 -7.42183200e-01]
 [ 9.08079071e-01 -4.18783934e-01  3.52383016e-03 -7.73101913e+00]
 [-1.14732408e-02 -1.64655061e-02  9.99798606e-01  1.38728473e+00]
 [ 0.00000000e+00  0.00000000e+00  0.00000000e+00  1.00000000e+00]]",,"[[-4.18641571e-01 -9.07936619e-01 -1.97567904e-02 -7.42183200e-01]
 [ 9.08079071e-01 -4.18783934e-01  3.52383016e-03 -7.73101913e+00]
 [-1.14732408e-02 -1.64655061e-02  9.99798606e-01  1.38728473e+00]
 [ 0.00000000e+00  0.00000000e+00  0.00000000e+00  1.00000000e+00]]"
2.45,"[[-4.29049361e-01 -9.03082089e-01 -1.89574825e-02 -3.50124168e+00]
 [ 9.03219430e-01 -4.29170729e-01  2.67327487e-03 -6.90565920e+00]
 [-1.05501832e-02 -1.59757997e-02  9.99816717e-01  1.51335490e+00]
 [ 0.00000000e+00  0.00000000e+00  0.00000000e+00  1.00000000e+00]]","[[-4.29081368e-01 -9.03070681e-01 -1.87756545e-02 -6.51531190e-01]
 [ 9.03203858e-01 -4.29202733e-01  2.79386286e-03 -7.74020396e+00]
 [-1.05816178e-02 -1.57594491e-02  9.99819818e-01  1.38430828e+00]
 [ 0.00000000e+00  0.00000000e+00  0.00000000e+00  1.00000000e+00]]",,"[[-4.29081368e-01 -9.03070681e-01 -1.87756545e-02 -6.51531190e-01]
 [ 9.03203858e-01 -4.29202733e-01  2.79386286e-03 -7.74020396e+00]
 [-1.05816178e-02 -1.57594491e-02  9.99819818e-01  1.38430828e+00]
 [ 0.00000000e+00  0.00000000e+00  0.00000000e+00  1.00000000e+00]]"
2.5,"[[-4.39538606e-01 -8.98033914e-01 -1.84635523e-02 -3.50059676e+00]
 [ 8.98172442e-01 -4.39640255e-01  1.64626601e-03 -6.90533257e+00]
 [-9.59572357e-03 -1.58598564e-02  9.99828179e-01  1.51357651e+00]
 [ 0.00000000e+00  0.00000000e+00  0.00000000e+00  1.00000000e+00]]","[[-4.39569833e-01 -8.98022319e-01 -1.82832077e-02 -5.60579188e-01]
 [ 8.98156765e-01 -4.39671781e-01  1.77501373e-03 -7.74851954e+00]
 [-9.63261244e-03 -1.56409442e-02  9.99831273e-01  1.37812685e+00]
 [ 0.00000000e+00  0.00000000e+00  0.00000000e+00  1.00000000e+00]]",,"[[-4.39569833e-01 -8.98022319e-01 -1.82832077e-02 -5.60579188e-01]
 [ 8.98156765e-01 -4.39671781e-01  1.77501373e-03 -7.74851954e+00]
 [-9.63261244e-03 -1.56409442e-02  9.99831273e-01  1.37812685e+00]
 [ 0.00000000e+00  0.00000000e+00  0.00000000e+00  1.00000000e+00]]"
2.55,"[[-4.50074376e-01 -8.92817434e-01 -1.76092749e-02 -3.50002027e+00]
 [ 8.92949540e-01 -4.50156117e-01  7.67909490e-04 -6.90494490e+00]
 [-8.61252580e-03 -1.53785776e-02  9.99844650e-01  1.51377666e+00]
 [ 0.00000000e+00  0.00000000e+00  0.00000000e+00  1.00000000e+00]]","[[-4.50104693e-01 -8.92805657e-01 -1.74305729e-02 -4.68136597e-01]
 [ 8.92933813e-01 -4.50187049e-01  9.08989727e-04 -7.75550489e+00]
 [-8.65856934e-03 -1.51552074e-02  9.99847663e-01  1.37345894e+00]
 [ 0.00000000e+00  0.00000000e+00  0.00000000e+00  1.00000000e+00]]",,"[[-4.50104693e-01 -8.92805657e-01 -1.74305729e-02 -4.68136597e-01]
 [ 8.92933813e-01 -4.50187049e-01  9.08989727e-04 -7.75550489e+00]
 [-8.65856934e-03 -1.51552074e-02  9.99847663e-01  1.37345894e+00]
 [ 0.00000000e+00  0.00000000e+00  0.00000000e+00  1.00000000e+00]]"
2.6,"[[-4.60580478e-01 -8.87496331e-01 -1.46930440e-02 -3.49968386e+00]
 [ 8.87584522e-01 -4.60643687e-01  1.05349119e-03 -6.90471792e+00]
 [-7.70322754e-03 -1.25561010e-02  9.99891496e-01  1.51438153e+00]
 [ 0.00000000e+00  0.00000000e+00  0.00000000e+00  1.00000000e+00]]","[[-4.60611779e-01 -8.87482993e-01 -1.45164188e-02 -3.72755379e-01]
 [ 8.87567609e-01 -4.60675833e-01  1.23110771e-03 -7.75952625e+00]
 [-7.77995048e-03 -1.23172404e-02  9.99893873e-01  1.37904890e+00]
 [ 0.00000000e+00  0.00000000e+00  0.00000000e+00  1.00000000e+00]]",,"[[-4.60611779e-01 -8.87482993e-01 -1.45164188e-02 -3.72755379e-01]
 [ 8.87567609e-01 -4.60675833e-01  1.23110771e-03 -7.75952625e+00]
 [-7.77995048e-03 -1.23172404e-02  9.99893873e-01  1.37904890e+00]
 [ 0.00000000e+00  0.00000000e+00  0.00000000e+00  1.00000000e+00]]"
2.65,"[[-4.70904246e-01 -8.82029548e-01 -1.65247320e-02 -3.49895954e+00]
 [ 8.82160546e-01 -4.70946476e-01 -1.47894949e-03 -6.90417385e+00]
 [-6.47778716e-03 -1.52739102e-02  9.99862363e-01  1.51450372e+00]
 [ 0.00000000e+00  0.00000000e+00  0.00000000e+00  1.00000000e+00]]","[[-4.70938795e-01 -8.82014359e-01 -1.63499421e-02 -2.84417677e-01]
 [ 8.82141676e-01 -4.70982291e-01 -1.32077235e-03 -7.76716613e+00]
 [-6.53559300e-03 -1.50449682e-02  9.99865458e-01  1.35953636e+00]
