Time,Actual,Estimated,IMU data
0,"[[-0.05979164 -0.99769886  0.03196777 -2.26323104]
 [ 0.99819655 -0.05958853  0.00726982 -4.45463276]
 [-0.00534818  0.03234479  0.99946246  1.40465951]
 [ 0.          0.          0.          1.        ]]","(array([[-0.05981716, -0.9976973 ,  0.03196873, -2.26332682],
       [ 0.99819495, -0.05961356,  0.00728503, -4.45464519],
       [-0.00536248,  0.0323468 ,  0.99946232,  1.40466611],
       [ 0.        ,  0.        ,  0.        ,  1.        ]]), False)",[0.    0.    1.622 0.    0.    0.   ]
0.05,"[[-0.05978446 -0.99769926  0.03196895 -2.26324177]
 [ 0.998197   -0.05958149  0.00726536 -4.45463848]
 [-0.00534389  0.03234566  0.99946246  1.40465665]
 [ 0.          0.          0.          1.        ]]","(array([[-0.05980998, -0.9976977 ,  0.03196991, -2.26348716],
       [ 0.9981954 , -0.05960652,  0.00728057, -4.45466444],
       [-0.00535819,  0.03234767,  0.99946231,  1.4046445 ],
       [ 0.        ,  0.        ,  0.        ,  1.        ]]), False)","[ 0.00000000e+00  0.00000000e+00  1.62200000e+00  8.46365411e-05
  2.25777608e-05 -1.43904179e-04]"
0.1,"[[-0.05978127 -0.99769961  0.03196384 -2.2632544 ]
 [ 0.99819721 -0.05957843  0.00726221 -4.45464611]
 [-0.00534115  0.03234036  0.99946264  1.40465128]
 [ 0.          0.          0.          1.        ]]","(array([[-0.05980679, -0.99769805,  0.03196481, -2.26366179],
       [ 0.99819561, -0.05960346,  0.00727742, -4.45455806],
       [-0.00535545,  0.03234237,  0.9994625 ,  1.40460922],
       [ 0.        ,  0.        ,  0.        ,  1.        ]]), False)","[-9.37394578e-03  5.32303214e-02  1.62009766e+00  6.10769214e-05
 -1.02599201e-04 -6.33490356e-05]"
0.15,"[[-0.05977941 -0.99769982  0.03196067 -2.26326394]
 [ 0.99819732 -0.05957656  0.00726303 -4.45465279]
 [-0.00534222  0.03233724  0.99946274  1.40464902]
 [ 0.          0.          0.          1.        ]]","(array([[-0.05980493, -0.99769826,  0.03196164, -2.26382526],
       [ 0.99819571, -0.05960159,  0.00727824, -4.45445413],
       [-0.00535652,  0.03233925,  0.9994626 ,  1.40460166],
       [ 0.        ,  0.        ,  0.        ,  1.        ]]), False)","[-8.36503435e-03  5.12314396e-02  1.62241007e+00 -1.76866737e-05
 -6.36713894e-05 -3.69504226e-05]"
0.2,"[[-0.05976426 -0.99770088  0.03195593 -2.26327896]
 [ 0.99819825 -0.05956159  0.00725796 -4.4546566 ]
 [-0.00533793  0.03233212  0.99946293  1.40464461]
 [ 0.          0.          0.          1.        ]]","(array([[-0.05978978, -0.99769932,  0.0319569 , -2.26404787],
       [ 0.99819664, -0.05958662,  0.00727317, -4.4543195 ],
       [-0.00535223,  0.03233413,  0.99946278,  1.40456043],
       [ 0.        ,  0.        ,  0.        ,  1.        ]]), False)","[-7.38010022e-03  5.45351949e-02  1.62020923e+00  9.18017696e-05
 -9.70910265e-05 -3.03053281e-04]"
0.25,"[[-0.05975629 -0.99770163  0.03194751 -2.26329064]
 [ 0.99819872 -0.05955366  0.0072578  -4.45465994]
 [-0.00533852  0.03232366  0.9994632   1.40464175]
 [ 0.          0.          0.          1.        ]]","(array([[-0.0597818 , -0.99770007,  0.03194848, -2.26424638],
       [ 0.99819712, -0.05957869,  0.00727301, -4.45420317],
       [-0.00535283,  0.03232567,  0.99946305,  1.40453578],
       [ 0.        ,  0.        ,  0.        ,  1.        ]]), False)","[-8.55178710e-03  5.11055788e-02  1.62179290e+00 -1.78263621e-06
 -1.69726226e-04 -1.58885811e-04]"
0.3,"[[-0.05974499 -0.99770255  0.03193978 -2.2633121 ]
 [ 0.99819937 -0.05954228  0.00726127 -4.45466566]
 [-0.00534282  0.03231609  0.99946342  1.40463495]
 [ 0.          0.          0.          1.        ]]","(array([[-0.0597705 , -0.997701  ,  0.03194075, -2.26446082],
       [ 0.99819777, -0.05956731,  0.00727647, -4.45406099],
       [-0.00535712,  0.0323181 ,  0.99946328,  1.40452339],
       [ 0.        ,  0.        ,  0.        ,  1.        ]]), False)","[-9.37599006e-03  5.63237116e-02  1.61942513e+00 -7.66321822e-05
 -1.56323699e-04 -2.25560055e-04]"
0.35,"[[-0.05972425 -0.99770388  0.03193715 -2.26332712]
 [ 0.99820064 -0.05952174  0.00725554 -4.45466948]
 [-0.00533793  0.03231302  0.99946354  1.4046315 ]
 [ 0.          0.          0.          1.        ]]","(array([[-0.05974977, -0.99770232,  0.03193812, -2.26470707],
       [ 0.99819904, -0.05954677,  0.00727075, -4.45392606],
       [-0.00535223,  0.03231503,  0.9994634 ,  1.40449061],
       [ 0.        ,  0.        ,  0.        ,  1.        ]]), False)","[-8.05746448e-03  4.98404364e-02  1.62255207e+00  1.01255412e-04
 -5.55510769e-05 -4.15124544e-04]"
0.4,"[[-0.05972014 -0.99770413  0.03193689 -2.26334214]
 [ 0.99820098 -0.05951821  0.00723737 -4.45468426]
 [-0.00531993  0.03231165  0.99946368  1.4046222 ]
 [ 0.          0.          0.          1.        ]]","(array([[-0.05974565, -0.99770258,  0.03193786, -2.26488807],
       [ 0.99819938, -0.05954324,  0.00725258, -4.45384013],
       [-0.00533423,  0.03231366,  0.99946354,  1.40439615],
       [ 0.        ,  0.        ,  0.        ,  1.        ]]), False)","[-1.29955019e-02  5.25951070e-02  1.61876310e+00  3.61005788e-04
 -5.78784847e-06 -8.24122539e-05]"
0.45,"[[-0.05971123 -0.99770486  0.03193087 -2.26335073]
 [ 0.99820152 -0.05950937  0.00723613 -4.45469379]
 [-0.00531933  0.03230553  0.99946389  1.40462005]
 [ 0.          0.          0.          1.        ]]","(array([[-0.05973675, -0.9977033 ,  0.03193184, -2.26508271],
       [ 0.99819992, -0.0595344 ,  0.00725134, -4.45372631],
       [-0.00533364,  0.03230754,  0.99946374,  1.40437798],
       [ 0.        ,  0.        ,  0.        ,  1.        ]]), False)","[-6.70261644e-03  4.97981233e-02  1.62408731e+00  1.92125551e-05
 -1.21698272e-04 -1.77779387e-04]"
0.5,"[[-0.05969435 -0.99770581  0.03193262 -2.26336265]
 [ 0.99820255 -0.05949259  0.00723258 -4.45469809]
 [-0.00531623  0.03230697  0.99946386  1.404616  ]
 [ 0.          0.          0.          1.        ]]","(array([[-0.05971987, -0.99770426,  0.03193359, -2.26530161],
       [ 0.99820094, -0.05951762,  0.00724779, -4.45358771],
       [-0.00533054,  0.03230898,  0.99946371,  1.4043588 ],
       [ 0.        ,  0.        ,  0.        ,  1.        ]]), False)","[-6.44485992e-03  5.35845135e-02  1.62034038e+00  6.01593556e-05
  3.24868091e-05 -3.38374856e-04]"
0.55,"[[-0.05967934 -0.99770675  0.03193133 -2.26337457]
 [ 0.99820348 -0.0594778   0.00722557 -4.45470524]
 [-0.00530979  0.03230518  0.99946395  1.40461314]
 [ 0.          0.          0.          1.        ]]","(array([[-0.05970485, -0.9977052 ,  0.0319323 , -2.26552468],
       [ 0.99820188, -0.05950283,  0.00724078, -4.45346106],
       [-0.0053241 ,  0.03230719,  0.99946381,  1.4043202 ],
       [ 0.        ,  0.        ,  0.        ,  1.        ]]), False)","[-9.75737261e-03  5.24824702e-02  1.62159883e+00  1.30655890e-04
 -2.80778522e-05 -3.00746758e-04]"
0.6,"[[-0.05965874 -0.9977079   0.03193407 -2.26338863]
 [ 0.99820473 -0.05945734  0.00722029 -4.45471239]
 [-0.00530503  0.03230749  0.9994639   1.40460932]
 [ 0.          0.          0.          1.        ]]","(array([[-0.05968425, -0.99770634,  0.03193504, -2.26576411],
       [ 0.99820313, -0.05948237,  0.0072355 , -4.45331706],
       [-0.00531933,  0.0323095 ,  0.99946376,  1.40429697],
       [ 0.        ,  0.        ,  0.        ,  1.        ]]), False)","[-8.55152435e-03  5.32467662e-02  1.62072177e+00  9.24336354e-05
  5.18806393e-05 -4.13035676e-04]"
0.65,"[[-0.05963867 -0.99770894  0.03193897 -2.26339936]
 [ 0.99820595 -0.05943735  0.00721671 -4.45471191]
 [-0.00530181  0.03231206  0.99946377  1.40460777]
 [ 0.          0.          0.          1.        ]]","(array([[-0.05966418, -0.99770738,  0.03193994, -2.26599091],
       [ 0.99820435, -0.05946238,  0.00723192, -4.45317765],
       [-0.00531611,  0.03231407,  0.99946363,  1.40428958],
       [ 0.        ,  0.        ,  0.        ,  1.        ]]), False)","[-5.63767973e-03  5.09259630e-02  1.62210040e+00  5.88067660e-05
  9.50977041e-05 -4.02622310e-04]"
0.7,"[[-0.05961182 -0.99771054  0.03193905 -2.26341629]
 [ 0.99820758 -0.05941069  0.00721047 -4.45471334]
 [-0.00529644  0.03231163  0.99946381  1.4046036 ]
 [ 0.          0.          0.          1.        ]]","(array([[-0.05963733, -0.99770899,  0.03194002, -2.2662636 ],
       [ 0.99820598, -0.05943572,  0.00722568, -4.45301641],
       [-0.00531075,  0.03231364,  0.99946367,  1.40425504],
       [ 0.        ,  0.        ,  0.        ,  1.        ]]), False)","[-9.19903642e-03  5.48947689e-02  1.61999712e+00  1.07621403e-04
 -2.24064991e-06 -5.37912669e-04]"
0.75,"[[-0.05958922 -0.99771177  0.0319429  -2.2634275 ]
 [ 0.99820896 -0.05938823  0.0072052  -4.45471382]
 [-0.00529168  0.03231504  0.99946372  1.40460122]
 [ 0.          0.          0.          1.        ]]","(array([[-0.05961474, -0.99771021,  0.03194388, -2.2665099 ],
       [ 0.99820736, -0.05941327,  0.0072204 , -4.45287549],
       [-0.00530598,  0.03231705,  0.99946358,  1.40423761],
       [ 0.        ,  0.        ,  0.        ,  1.        ]]), False)","[-8.34248473e-03  5.01318794e-02  1.62192089e+00  9.11230495e-05
  7.38891627e-05 -4.53099279e-04]"
0.8,"[[-0.0595758  -0.99771256  0.03194325 -2.26344824]
 [ 0.9982098  -0.05937508  0.00719678 -4.45471954]
 [-0.00528369  0.03231482  0.99946377  1.40459657]
 [ 0.          0.          0.          1.        ]]","(array([[-0.05960132, -0.99771101,  0.03194422, -2.26672528],
       [ 0.9982082 , -0.05940011,  0.00721199, -4.45274476],
       [-0.00529799,  0.03231683,  0.99946363,  1.40419251],
       [ 0.        ,  0.        ,  0.        ,  1.        ]]), False)","[-1.04324198e-02  5.63159079e-02  1.62008778e+00  1.59721653e-04
  5.03274025e-06 -2.68955527e-04]"
0.85,"[[-0.05955852 -0.99771348  0.03194667 -2.26346278]
 [ 0.99821085 -0.05935792  0.00719213 -4.45471954]
 [-0.0052794   0.03231786  0.9994637   1.40459335]
 [ 0.          0.          0.          1.        ]]","(array([[-0.05958404, -0.99771193,  0.03194764, -2.26694365],
       [ 0.99820926, -0.05938295,  0.00720734, -4.45261598],
       [-0.0052937 ,  0.03231987,  0.99946356,  1.40417589],
       [ 0.        ,  0.        ,  0.        ,  1.        ]]), False)","[-6.42915785e-03  4.98283246e-02  1.62179769e+00  8.20567383e-05
  6.58829713e-05 -3.46532608e-04]"
0.9,"[[-0.05954058 -0.99771448  0.031949   -2.26348281]
 [ 0.99821196 -0.05934018  0.00718536 -4.4547205 ]
 [-0.00527308  0.0323197   0.99946367  1.40458834]
 [ 0.          0.          0.          1.        ]]","(array([[-0.0595661 , -0.99771292,  0.03194998, -2.26717243],
       [ 0.99821036, -0.05936521,  0.00720057, -4.45247666],
       [-0.00528738,  0.03232171,  0.99946353,  1.40414382],
       [ 0.        ,  0.        ,  0.        ,  1.        ]]), False)","[-8.79935041e-03  5.46105061e-02  1.62034238e+00  1.23957959e-04
  4.41207002e-05 -3.59720311e-04]"
0.95,"[[-0.05952556 -0.9977152   0.03195443 -2.26349926]
 [ 0.99821288 -0.05932529  0.0071803  -4.45472193]
 [-0.00526819  0.03232474  0.99946353  1.40458572]
 [ 0.          0.          0.          1.        ]]","(array([[-0.05955108, -0.99771365,  0.0319554 , -2.26738393],
       [ 0.99821128, -0.05935032,  0.00719551, -4.45235055],
       [-0.0052825 ,  0.03232675,  0.99946339,  1.40413051],
       [ 0.        ,  0.        ,  0.        ,  1.        ]]), False)","[-8.82557672e-03  5.10456222e-02  1.62212736e+00  9.15713042e-05
  1.06465291e-04 -3.01468862e-04]"
1.0,"[[-0.05950536 -0.99771618  0.0319615  -2.26351428]
 [ 0.99821413 -0.0593053   0.00717207 -4.45472431]
 [-0.0052602   0.03233119  0.99946337  1.40458202]
 [ 0.          0.          0.          1.        ]]","(array([[-0.05953088, -0.99771463,  0.03196247, -2.26761665],
       [ 0.99821253, -0.05933034,  0.00718728, -4.45221477],
       [-0.00527451,  0.0323332 ,  0.99946323,  1.40410389],
       [ 0.        ,  0.        ,  0.        ,  1.        ]]), False)","[-8.94463232e-03  5.18790447e-02  1.62071621e+00  1.51768678e-04
  1.38441093e-04 -4.05480952e-04]"
1.05,"[[-0.05948091 -0.99771763  0.03196183 -2.26354885]
 [ 0.99821565 -0.05928126  0.007159   -4.45473003]
 [-0.00524793  0.03233063  0.99946345  1.4045738 ]
 [ 0.          0.          0.          1.        ]]","(array([[-0.05950642, -0.99771607,  0.03196281, -2.26787877],
       [ 0.99821405, -0.05930629,  0.00717421, -4.45205501],
       [-0.00526223,  0.03233264,  0.99946331,  1.40403687],
       [ 0.        ,  0.        ,  0.        ,  1.        ]]), False)","[-9.37024053e-03  6.02631244e-02  1.61905920e+00  2.45813475e-04
  3.27332734e-06 -4.89961974e-04]"
1.1,"[[-0.0594514  -0.99771914  0.03196954 -2.26357412]
 [ 0.99821746 -0.05925207  0.0071474  -4.4547348 ]
 [-0.00523684  0.03233747  0.99946329  1.40456629]
 [ 0.          0.          0.          1.        ]]","(array([[-0.05947692, -0.99771759,  0.03197051, -2.2681507 ],
       [ 0.99821587, -0.05927711,  0.00716261, -4.45191018],
       [-0.00525114,  0.03233948,  0.99946315,  1.40399993],
       [ 0.        ,  0.        ,  0.        ,  1.        ]]), False)","[-8.33598231e-03  4.87271860e-02  1.62153703e+00  2.13192734e-04
  1.49930746e-04 -5.91940696e-04]"
1.15,"[[-0.05942575 -0.99772054  0.03197348 -2.26359367]
 [ 0.99821904 -0.0592267   0.00713773 -4.45473719]
 [-0.00522778  0.0323407   0.99946323  1.40456235]
 [ 0.          0.          0.          1.        ]]","(array([[-0.05945127, -0.99771899,  0.03197445, -2.26840897],
       [ 0.99821744, -0.05925173,  0.00715294, -4.45176797],
       [-0.00524209,  0.03234271,  0.99946309,  1.40396532],
       [ 0.        ,  0.        ,  0.        ,  1.        ]]), False)","[-7.67097666e-03  5.01627904e-02  1.62263909e+00  1.77048353e-04
  7.51146085e-05 -5.14327681e-04]"
1.2,"[[-0.05939625 -0.99772235  0.03197187 -2.26361609]
 [ 0.99822084 -0.05919752  0.00712749 -4.45474291]
 [-0.0052186   0.03233833  0.99946336  1.40455544]
 [ 0.          0.          0.          1.        ]]","(array([[-0.05942176, -0.9977208 ,  0.03197284, -2.26869727],
       [ 0.99821925, -0.05922255,  0.0071427 , -4.45160898],
       [-0.00523291,  0.03234034,  0.99946322,  1.40390919],
       [ 0.        ,  0.        ,  0.        ,  1.        ]]), False)","[-9.72314508e-03  5.36350610e-02  1.61989200e+00  1.86072282e-04
 -3.64019335e-05 -5.90974034e-04]"
1.25,"[[-0.05937604 -0.99772325  0.03198124 -2.26363111]
 [ 0.99822208 -0.05917747  0.00712106 -4.45474768]
 [-0.00521228  0.0323472   0.9994631   1.40455377]
 [ 0.          0.          0.          1.        ]]","(array([[-0.05940156, -0.9977217 ,  0.03198221, -2.26892516],
       [ 0.99822049, -0.0592025 ,  0.00713627, -4.45147618],
       [-0.00522659,  0.03234921,  0.99946296,  1.40390238],
       [ 0.        ,  0.        ,  0.        ,  1.        ]]), False)","[-8.26000615e-03  4.95627852e-02  1.62332337e+00  1.15609159e-04
  1.84581598e-04 -4.05726194e-04]"
1.3,"[[-0.05934973 -0.99772454  0.03198992 -2.26365471]
 [ 0.9982237  -0.05915143  0.00711058 -4.45475197]
 [-0.00520215  0.03235511  0.9994629   1.40454876]
 [ 0.          0.          0.          1.        ]]","(array([[-0.05937524, -0.99772299,  0.0319909 , -2.26918079],
       [ 0.9982221 , -0.05917647,  0.00712579, -4.45131917],
       [-0.00521646,  0.03235712,  0.99946276,  1.40386763],
       [ 0.        ,  0.        ,  0.        ,  1.        ]]), False)","[-8.03678560e-03  5.58509163e-02  1.61968592e+00  1.92900591e-04
  1.70001391e-04 -5.28130758e-04]"
1.35,"[[-0.05932408 -0.9977259   0.03199499 -2.26367831]
 [ 0.99822528 -0.05912616  0.00709787 -4.45475483]
 [-0.00518999  0.03235928  0.99946283  1.40454173]
 [ 0.          0.          0.          1.        ]]","(array([[-0.05934959, -0.99772435,  0.03199597, -2.26943799],
       [ 0.99822369, -0.05915119,  0.00711308, -4.45117537],
       [-0.0052043 ,  0.03236129,  0.99946269,  1.40381629],
       [ 0.        ,  0.        ,  0.        ,  1.        ]]), False)","[-7.84276971e-03  5.24266878e-02  1.62032258e+00  2.37809991e-04
  9.77586598e-05 -5.14424405e-04]"
1.4,"[[-0.0592963  -0.99772747  0.0319976  -2.26368999]
 [ 0.99822697 -0.05909859  0.00709056 -4.45475626]
 [-0.00518343  0.03236131  0.99946279  1.40454006]
 [ 0.          0.          0.          1.        ]]","(array([[-0.05932182, -0.99772592,  0.03199858, -2.26970883],
       [ 0.99822538, -0.05912362,  0.00710577, -4.45103068],
       [-0.00519774,  0.03236332,  0.99946266,  1.40379143],
       [ 0.        ,  0.        ,  0.        ,  1.        ]]), False)","[-8.13021065e-03  4.77681331e-02  1.62342990e+00  1.28490524e-04
  4.83203710e-05 -5.56811472e-04]"
1.45,"[[-0.05927782 -0.99772853  0.03199882 -2.26369596]
 [ 0.9982281  -0.0590803   0.0070843  -4.45475674]
 [-0.00517771  0.03236206  0.9994628   1.40453851]
 [ 0.          0.          0.          1.        ]]","(array([[-0.05930334, -0.99772698,  0.0319998 , -2.26994008],
       [ 0.99822651, -0.05910533,  0.00709951, -4.45090002],
       [-0.00519202,  0.03236407,  0.99946266,  1.40376149],
       [ 0.        ,  0.        ,  0.        ,  1.        ]]), False)","[-8.15337953e-03  5.01866506e-02  1.62125226e+00  1.13351390e-04
  2.17814030e-05 -3.70257275e-04]"
1.5,"[[-0.05926227 -0.99772927  0.03200463 -2.26370215]
 [ 0.99822906 -0.05906496  0.0070765  -4.45475817]
 [-0.00517008  0.03236732  0.99946267  1.40453684]
 [ 0.          0.          0.          1.        ]]","(array([[-0.05928779, -0.99772772,  0.03200561, -2.27015344],
       [ 0.99822747, -0.05909   ,  0.00709171, -4.45077215],
       [-0.00518439,  0.03236933,  0.99946253,  1.40373429],
       [ 0.        ,  0.        ,  0.        ,  1.        ]]), False)","[-8.76077126e-03  5.26159320e-02  1.62107504e+00  1.46088529e-04
  1.14053844e-04 -3.12134532e-04]"
1.55,"[[-0.05924074 -0.99773041  0.03200894 -2.26370883]
 [ 0.99823037 -0.05904364  0.00706926 -4.4547596 ]
 [-0.00516329  0.03237109  0.99946258  1.4045347 ]
 [ 0.          0.          0.          1.        ]]","(array([[-0.05926626, -0.99772886,  0.03200992, -2.27039462],
       [ 0.99822878, -0.05906867,  0.00708447, -4.45062943],
       [-0.00517759,  0.0323731 ,  0.99946244,  1.40370656],
       [ 0.        ,  0.        ,  0.        ,  1.        ]]), False)","[-8.36257036e-03  5.26900308e-02  1.62093157e+00  1.31191032e-04
  8.32791798e-05 -4.31821727e-04]"
1.6,"[[-0.05921017 -0.99773198  0.03201657 -2.26372004]
 [ 0.99823221 -0.0590132   0.00706346 -4.45476198]
 [-0.00515804  0.0323782   0.99946238  1.40453029]
 [ 0.          0.          0.          1.        ]]","(array([[-0.05923569, -0.99773043,  0.03201755, -2.27067231],
       [ 0.99823062, -0.05903823,  0.00707867, -4.45045955],
       [-0.00517235,  0.03238021,  0.99946224,  1.40369206],
       [ 0.        ,  0.        ,  0.        ,  1.        ]]), False)","[-8.63518140e-03  5.43184923e-02  1.62016177e+00  9.62907068e-05
  1.48317021e-04 -6.13262051e-04]"
1.65,"[[-0.0591824  -0.9977333   0.03202658 -2.26373148]
 [ 0.99823391 -0.05898568  0.00705349 -4.45476627]
 [-0.00514839  0.03238746  0.99946213  1.40452421]
 [ 0.          0.          0.          1.        ]]","(array([[-0.05920791, -0.99773176,  0.03202756, -2.27093543],
       [ 0.99823232, -0.05901071,  0.00706869, -4.45030614],
       [-0.00516269,  0.03238947,  0.99946199,  1.4036647 ],
       [ 0.        ,  0.        ,  0.        ,  1.        ]]), False)","[-9.10319604e-03  5.26509882e-02  1.62045192e+00  1.81823305e-04
  1.96280450e-04 -5.57555796e-04]"
1.7,"[[-0.0591392  -0.99773517  0.03204822 -2.26374722]
 [ 0.99823653 -0.05894273  0.00704154 -4.4547739 ]
 [-0.00513659  0.03240813  0.99946152  1.40451562]
 [ 0.          0.          0.          1.        ]]","(array([[-0.05916472, -0.99773362,  0.0320492 , -2.27125254],
       [ 0.99823494, -0.05896777,  0.00705675, -4.45011534],
       [-0.00515089,  0.03241014,  0.99946138,  1.40365604],
       [ 0.        ,  0.        ,  0.        ,  1.        ]]), False)","[-9.55766980e-03  5.43249628e-02  1.62006135e+00  2.11153742e-04
  4.26944000e-04 -8.67657082e-04]"
1.75,"[[-0.05911275 -0.99773638  0.03205933 -2.26375866]
 [ 0.99823812 -0.05891636  0.00703716 -4.45477915]
 [-0.00513241  0.03241883  0.99946119  1.40451109]
 [ 0.          0.          0.          1.        ]]","(array([[-0.05913827, -0.99773484,  0.03206031, -2.27150427],
       [ 0.99823653, -0.05894139,  0.00705237, -4.44996149],
       [-0.00514672,  0.03242084,  0.99946106,  1.40366185],
       [ 0.        ,  0.        ,  0.        ,  1.        ]]), False)","[-7.48257566e-03  5.08669839e-02  1.62280817e+00  7.06560022e-05
  2.18567953e-04 -5.31068277e-04]"
1.8,"[[-0.05909494 -0.99773723  0.03206555 -2.26376891]
 [ 0.9982392  -0.0588987   0.0070311  -4.45477867]
 [-0.00512657  0.03242459  0.99946104  1.40450799]
 [ 0.          0.          0.          1.        ]]","(array([[-0.05912046, -0.99773569,  0.03206653, -2.27172065],
       [ 0.99823762, -0.05892373,  0.00704631, -4.44982724],
       [-0.00514088,  0.0324266 ,  0.9994609 ,  1.40364528],
       [ 0.        ,  0.        ,  0.        ,  1.        ]]), False)","[-6.06162453e-03  5.20006680e-02  1.62172908e+00  1.09812100e-04
  1.21926283e-04 -3.57454958e-04]"
1.85,"[[-0.05909321 -0.99773747  0.03206129 -2.26379442]
 [ 0.99823936 -0.05889735  0.00702017 -4.45478153]
 [-0.00511596  0.03241969  0.99946125  1.40450025]
 [ 0.          0.          0.          1.        ]]","(array([[-0.05911873, -0.99773593,  0.03206228, -2.27188765],
       [ 0.99823778, -0.05892239,  0.00703538, -4.44972053],
       [-0.00513027,  0.0324217 ,  0.99946111,  1.40357452],
       [ 0.        ,  0.        ,  0.        ,  1.        ]]), False)","[-9.26069530e-03  5.86927904e-02  1.61906243e+00  2.17611982e-04
 -8.53255120e-05 -3.41185531e-05]"
1.9,"[[-0.05907195 -0.99773858  0.03206603 -2.26381445]
 [ 0.99824066 -0.05887633  0.00701164 -4.45478106]
 [-0.00510786  0.03242381  0.99946116  1.40449417]
 [ 0.          0.          0.          1.        ]]","(array([[-0.05909747, -0.99773704,  0.03206702, -2.27212406],
       [ 0.99823908, -0.05890136,  0.00702685, -4.44958581],
       [-0.00512216,  0.03242582,  0.99946102,  1.4035444 ],
       [ 0.        ,  0.        ,  0.        ,  1.        ]]), False)","[-7.08513075e-03  5.03459642e-02  1.62187291e+00  1.56969790e-04
  9.18268008e-05 -4.26527313e-04]"
1.95,"[[-0.05904776 -0.99773979  0.03207287 -2.26384521]
 [ 0.99824216 -0.05885254  0.00699801 -4.45478153]
 [-0.00509462  0.03242971  0.99946103  1.40448713]
 [ 0.          0.          0.          1.        ]]","(array([[-0.05907328, -0.99773825,  0.03207386, -2.27237391],
       [ 0.99824058, -0.05887757,  0.00701322, -4.44943504],
       [-0.00510893,  0.03243172,  0.9994609 ,  1.40349354],
       [ 0.        ,  0.        ,  0.        ,  1.        ]]), False)","[-8.38893180e-03  5.68929080e-02  1.62060422e+00  2.57216630e-04
  1.33520480e-04 -4.85298606e-04]"
2.0,"[[-0.05904816 -0.99774002  0.03206503 -2.26386809]
 [ 0.99824219 -0.05885336  0.00698634 -4.45478344]
 [-0.00508342  0.03242119  0.99946137  1.40447628]
 [ 0.          0.          0.          1.        ]]","(array([[-0.05907368, -0.99773848,  0.03206601, -2.27253574],
       [ 0.99824061, -0.05887839,  0.00700155, -4.44935737],
       [-0.00509772,  0.0324232 ,  0.99946123,  1.40341263],
       [ 0.        ,  0.        ,  0.        ,  1.        ]]), False)","[-8.99458043e-03  4.94313672e-02  1.61969820e+00  2.33789416e-04
 -1.56992348e-04  8.85820907e-06]"
2.05,"[[-0.05903115 -0.99774067  0.03207601 -2.26388526]
 [ 0.99824323 -0.05883645  0.00698107 -4.45478296]
 [-0.00507806  0.03243176  0.99946105  1.40447402]
 [ 0.          0.          0.          1.        ]]","(array([[-0.05905667, -0.99773913,  0.03207699, -2.27274542],
       [ 0.99824164, -0.05886148,  0.00699627, -4.44922766],
       [-0.00509236,  0.03243377,  0.99946091,  1.40341756],
       [ 0.        ,  0.        ,  0.        ,  1.        ]]), False)","[-7.43715239e-03  5.03759015e-02  1.62463728e+00  9.46178131e-05
  2.17393490e-04 -3.41959354e-04]"
2.1,"[[-0.05902411 -0.99774103  0.03207789 -2.26390076]
 [ 0.99824368 -0.05882967  0.00697247 -4.45478344]
 [-0.00506959  0.03243309  0.99946105  1.40446985]
 [ 0.          0.          0.          1.        ]]","(array([[-0.05904963, -0.99773949,  0.03207887, -2.27292619],
       [ 0.9982421 , -0.05885471,  0.00698768, -4.44912192],
       [-0.00508389,  0.0324351 ,  0.99946091,  1.40337512],
       [ 0.        ,  0.        ,  0.        ,  1.        ]]), False)","[-8.63921221e-03  5.19381080e-02  1.62038205e+00  1.67410137e-04
  3.65775815e-05 -1.41282815e-04]"
2.15,"[[-0.05903368 -0.99774004  0.03209108 -2.26392174]
 [ 0.99824319 -0.05883962  0.00695912 -4.45478296]
 [-0.00505517  0.03244553  0.99946072  1.40446436]
 [ 0.          0.          0.          1.        ]]","(array([[-0.0590592 , -0.9977385 ,  0.03209207, -2.27301474],
       [ 0.99824161, -0.05886465,  0.00697433, -4.4490542 ],
       [-0.00506947,  0.03244753,  0.99946058,  1.4033355 ],
       [ 0.        ,  0.        ,  0.        ,  1.        ]]), False)","[-7.68654301e-03  5.47756717e-02  1.62053332e+00  2.73296744e-04
  2.65346794e-04  1.90486489e-04]"
2.2,"[[-0.0590285  -0.99774014  0.03209754 -2.2639389 ]
 [ 0.99824357 -0.05883485  0.00694537 -4.45477724]
 [-0.00504122  0.03245114  0.99946061  1.40445936]
 [ 0.          0.          0.          1.        ]]","(array([[-0.05905402, -0.9977386 ,  0.03209853, -2.27317476],
       [ 0.99824199, -0.05885988,  0.00696058, -4.44896225],
       [-0.00505552,  0.03245315,  0.99946047,  1.40328278],
       [ 0.        ,  0.        ,  0.        ,  1.        ]]), False)","[-6.17349210e-03  5.09960641e-02  1.62137929e+00  2.71842231e-04
  1.28539651e-04 -1.04430911e-04]"
2.25,"[[-0.05903515 -0.99773918  0.03211499 -2.2639792 ]
 [ 0.99824328 -0.05884207  0.00692537 -4.45478153]
 [-0.00502     0.03246741  0.99946019  1.40444851]
 [ 0.          0.          0.          1.        ]]","(array([[-0.05906067, -0.99773764,  0.03211597, -2.27328029],
       [ 0.9982417 , -0.0588671 ,  0.00694058, -4.44887872],
       [-0.0050343 ,  0.03246942,  0.99946005,  1.40321846],
       [ 0.        ,  0.        ,  0.        ,  1.        ]]), False)","[-1.15829953e-02  6.20516988e-02  1.61846436e+00  4.04416103e-04
  3.50091940e-04  1.31516482e-04]"
2.3,"[[-0.05903157 -0.99773877  0.03213435 -2.26399922]
 [ 0.99824355 -0.05883873  0.0069147  -4.45478058]
 [-0.00500832  0.03248609  0.99945964  1.40444422]
 [ 0.          0.          0.          1.        ]]","(array([[-0.05905709, -0.99773723,  0.03213534, -2.27341633],
       [ 0.99824197, -0.05886376,  0.00692991, -4.44880193],
       [-0.00502262,  0.0324881 ,  0.9994595 ,  1.40321521],
       [ 0.        ,  0.        ,  0.        ,  1.        ]]), False)","[-6.52075313e-03  4.45662940e-02  1.62401972e+00  2.11177344e-04
  3.86936770e-04 -7.37816833e-05]"
2.35,"[[-0.05902625 -0.99773885  0.0321417  -2.26401353]
 [ 0.99824392 -0.05883368  0.00690529 -4.45477962]
 [-0.00499866  0.03249285  0.99945947  1.40444148]
 [ 0.          0.          0.          1.        ]]","(array([[-0.05905177, -0.99773731,  0.03214269, -2.27358108],
       [ 0.99824233, -0.05885872,  0.0069205 , -4.44870476],
       [-0.00501296,  0.03249486,  0.99945933,  1.40318497],
       [ 0.        ,  0.        ,  0.        ,  1.        ]]), False)","[-8.24603013e-03  5.04399027e-02  1.62181638e+00  1.84806347e-04
  1.46318405e-04 -1.07203369e-04]"
2.4,"[[-0.05902506 -0.99773862  0.03215096 -2.26402879]
 [ 0.99824404 -0.05883275  0.00689577 -4.45477962]
 [-0.00498865  0.03250152  0.99945924  1.40443718]
 [ 0.          0.          0.          1.        ]]","(array([[-0.05905058, -0.99773708,  0.03215194, -2.27372532],
       [ 0.99824246, -0.05885779,  0.00691098, -4.44861061],
       [-0.00500295,  0.03250353,  0.9994591 ,  1.40315473],
       [ 0.        ,  0.        ,  0.        ,  1.        ]]), False)","[-8.44678084e-03  5.31003741e-02  1.62048843e+00  1.89676340e-04
  1.85038076e-04 -2.48358344e-05]"
2.45,"[[-0.05902693 -0.99773818  0.03216136 -2.26404929]
 [ 0.99824399 -0.058835    0.0068826  -4.45478201]
 [-0.00497482  0.03251115  0.99945899  1.4044311 ]
 [ 0.          0.          0.          1.        ]]","(array([[-0.05905245, -0.99773663,  0.03216235, -2.27385546],
       [ 0.99824241, -0.05886003,  0.00689781, -4.44852424],
       [-0.00498912,  0.03251315,  0.99945886,  1.40311008],
       [ 0.        ,  0.        ,  0.        ,  1.        ]]), False)","[-8.89375778e-03  5.48592717e-02  1.62033358e+00  2.64728714e-04
  2.08483576e-04  3.63239083e-05]"
2.5,"[[-0.05901776 -0.99773815  0.03217912 -2.2640667 ]
 [ 0.9982446  -0.05882613  0.00687046 -4.45478058]
 [-0.00496195  0.03252812  0.9994585   1.40442765]
 [ 0.          0.          0.          1.        ]]","(array([[-0.05904328, -0.9977366 ,  0.03218011, -2.27401903],
       [ 0.99824302, -0.05885116,  0.00688567, -4.44841913],
       [-0.00497625,  0.03253012,  0.99945837,  1.40309288],
       [ 0.        ,  0.        ,  0.        ,  1.        ]]), False)","[-6.60345186e-03  5.14679937e-02  1.62222055e+00  2.36995518e-04
  3.54155479e-04 -1.85447243e-04]"
2.55,"[[-0.05901776 -0.99773794  0.03218553 -2.26408529]
 [ 0.99824466 -0.05882645  0.00685962 -4.4547801 ]
 [-0.00495074  0.03253387  0.99945837  1.40442324]
 [ 0.          0.          0.          1.        ]]","(array([[-0.05904328, -0.9977364 ,  0.03218651, -2.27416185],
       [ 0.99824308, -0.05885149,  0.00687483, -4.44832912],
       [-0.00496504,  0.03253588,  0.99945824,  1.4030507 ],
       [ 0.        ,  0.        ,  0.        ,  1.        ]]), False)","[-8.38087177e-03  5.32557250e-02  1.62072225e+00  2.16938128e-04
  1.28123776e-04 -5.71162609e-07]"
2.6,"[[-0.05902733 -0.99773721  0.03219061 -2.2640996 ]
 [ 0.99824412 -0.05883618  0.00685438 -4.45477724]
 [-0.0049449   0.03253868  0.99945824  1.4044224 ]
 [ 0.          0.          0.          1.        ]]","(array([[-0.05905285, -0.99773567,  0.0321916 , -2.27426078],
       [ 0.99824254, -0.05886121,  0.00686959, -4.44825894],
       [-0.0049592 ,  0.03254069,  0.99945811,  1.40303398],
       [ 0.        ,  0.        ,  0.        ,  1.        ]]), False)","[-7.17702874e-03  5.10554534e-02  1.62261280e+00  1.10935489e-04
  1.03057295e-04  1.91270682e-04]"
2.65,"[[-0.05903744 -0.99773653  0.03219316 -2.26411104]
 [ 0.99824356 -0.05884654  0.00684627 -4.45477533]
 [-0.00493632  0.0325408   0.99945822  1.40442121]
 [ 0.          0.          0.          1.        ]]","(array([[-0.05906296, -0.99773499,  0.03219414, -2.27436406],
       [ 0.99824198, -0.05887157,  0.00686148, -4.44819255],
       [-0.00495062,  0.0325428 ,  0.99945808,  1.4029946 ],
       [ 0.        ,  0.        ,  0.        ,  1.        ]]), False)","[-8.45436278e-03  5.16571465e-02  1.62101249e+00  1.68866528e-04
  5.22946347e-05  2.02191350e-04]"
2.7,"[[-0.05904448 -0.99773592  0.03219912 -2.2641151 ]
 [ 0.99824317 -0.05885368  0.00684267 -4.454772  ]
 [-0.00493214  0.03254658  0.99945805  1.40442085]
 [ 0.          0.          0.          1.        ]]","(array([[-0.05907001, -0.99773438,  0.03220011, -2.27447415],
       [ 0.99824159, -0.05887871,  0.00685788, -4.44811723],
       [-0.00494644,  0.03254858,  0.99945791,  1.40298487],
       [ 0.        ,  0.        ,  0.        ,  1.        ]]), False)","[-7.60494466e-03  4.98180369e-02  1.62155367e+00  7.64687958e-05
  1.20362614e-04  1.40576716e-04]"
2.75,"[[-0.05905392 -0.99773524  0.03220299 -2.2641201 ]
 [ 0.99824264 -0.05886326  0.00683784 -4.45476961]
 [-0.00492678  0.0325502   0.99945796  1.40442109]
 [ 0.          0.          0.          1.        ]]","(array([[-0.05907944, -0.99773369,  0.03220397, -2.27457835],
       [ 0.99824106, -0.05888829,  0.00685305, -4.44804074],
       [-0.00494108,  0.0325522 ,  0.99945782,  1.402964  ],
       [ 0.        ,  0.        ,  0.        ,  1.        ]]), False)","[-8.35068508e-03  5.32072377e-02  1.62134421e+00  1.02822840e-04
  7.86122066e-05  1.88727319e-04]"
2.8,"[[-0.05906456 -0.99773458  0.03220389 -2.26412272]
 [ 0.99824204 -0.05887407  0.00683251 -4.45476627]
 [-0.00492106  0.03255084  0.99945797  1.40442073]
 [ 0.          0.          0.          1.        ]]","(array([[-0.05909008, -0.99773303,  0.03220488, -2.27467957],
       [ 0.99824045, -0.0588991 ,  0.00684772, -4.44797123],
       [-0.00493536,  0.03255285,  0.99945783,  1.40293299],
       [ 0.        ,  0.        ,  0.        ,  1.        ]]), False)","[-7.65631312e-03  5.18157306e-02  1.62091585e+00  1.13481388e-04
  1.96354140e-05  2.12989314e-04]"
2.85,"[[-0.0590748  -0.99773384  0.03220784 -2.26412582]
 [ 0.99824145 -0.05888443  0.00682819 -4.45476437]
 [-0.00491617  0.03255458  0.99945787  1.40442133]
 [ 0.          0.          0.          1.        ]]","(array([[-0.05910032, -0.9977323 ,  0.03220883, -2.27478058],
       [ 0.99823987, -0.05890946,  0.00684339, -4.44789626],
       [-0.00493047,  0.03255658,  0.99945773,  1.40291484],
       [ 0.        ,  0.        ,  0.        ,  1.        ]]), False)","[-8.53583527e-03  5.30399380e-02  1.62149188e+00  9.31710552e-05
  8.03776070e-05  2.04695624e-04]"
2.9,"[[-0.05908277 -0.99773323  0.03221216 -2.26412892]
 [ 0.99824101 -0.0588926   0.0068219  -4.45476103]
 [-0.00490938  0.03255855  0.99945777  1.40442061]
 [ 0.          0.          0.          1.        ]]","(array([[-0.05910829, -0.99773169,  0.03221314, -2.27488832],
       [ 0.99823943, -0.05891763,  0.00683711, -4.44781948],
       [-0.00492368,  0.03256056,  0.99945764,  1.40288687],
       [ 0.        ,  0.        ,  0.        ,  1.        ]]), False)","[-7.38923515e-03  5.27591973e-02  1.62060017e+00  1.30955897e-04
  8.74500363e-05  1.59398509e-04]"
2.95,"[[-0.05909062 -0.99773262  0.03221666 -2.26413512]
 [ 0.99824058 -0.05890058  0.00681693 -4.4547596 ]
 [-0.00490389  0.0325628   0.99945766  1.40442002]
 [ 0.          0.          0.          1.        ]]","(array([[-0.05911614, -0.99773108,  0.03221765, -2.27499954],
       [ 0.998239  , -0.05892562,  0.00683214, -4.44773716],
       [-0.00491819,  0.0325648 ,  0.99945753,  1.40286652],
       [ 0.        ,  0.        ,  0.        ,  1.        ]]), False)","[-8.64268527e-03  5.41003150e-02  1.62112284e+00  1.04468332e-04
  9.12606742e-05  1.56709546e-04]"
3.0,"[[-0.05909939 -0.99773192  0.03222241 -2.26414013]
 [ 0.99824009 -0.0589095   0.00681171 -4.45475769]
 [-0.00489805  0.03256827  0.99945751  1.40442026]
 [ 0.          0.          0.          1.        ]]","(array([[-0.05912491, -0.99773037,  0.0322234 , -2.27510277],
       [ 0.99823851, -0.05893454,  0.00682692, -4.4476617 ],
       [-0.00491235,  0.03257027,  0.99945738,  1.40284862],
       [ 0.        ,  0.        ,  0.        ,  1.        ]]), False)","[-7.78405556e-03  5.23496138e-02  1.62147035e+00  1.10150931e-04
  1.16191635e-04  1.75231749e-04]"
3.05,"[[-0.05910923 -0.99773137  0.03222142 -2.26414537]
 [ 0.99823952 -0.05891945  0.00680875 -4.4547534 ]
 [-0.00489483  0.03256716  0.99945756  1.40442002]
 [ 0.          0.          0.          1.        ]]","(array([[-0.05913475, -0.99772982,  0.03222241, -2.27520857],
       [ 0.99823794, -0.05894448,  0.00682396, -4.44758432],
       [-0.00490913,  0.03256916,  0.99945743,  1.40282398],
       [ 0.        ,  0.        ,  0.        ,  1.        ]]), False)","[-6.98085232e-03  5.28566771e-02  1.62093296e+00  6.55794092e-05
 -1.84602353e-05  1.97183161e-04]"
3.1,"[[-0.05912093 -0.99773072  0.03221987 -2.26415348]
 [ 0.99823885 -0.05893131  0.00680426 -4.45475006]
 [-0.00489006  0.0325654   0.99945764  1.40442026]
 [ 0.          0.          0.          1.        ]]","(array([[-0.05914645, -0.99772918,  0.03222085, -2.27531001],
       [ 0.99823727, -0.05895634,  0.00681947, -4.44751057],
       [-0.00490436,  0.0325674 ,  0.99945751,  1.40279187],
       [ 0.        ,  0.        ,  0.        ,  1.        ]]), False)","[-8.24575656e-03  5.39915761e-02  1.62127146e+00  9.72809748e-05
 -2.95462615e-05  2.34530683e-04]"
3.15,"[[-0.05916678 -0.99772827  0.03221151 -2.26416016]
 [ 0.99823601 -0.05897636  0.00683081 -4.45481014]
 [-0.00491557  0.03255885  0.99945773  1.40443707]
 [ 0.          0.          0.          1.        ]]","(array([[-0.0591923 , -0.99772673,  0.0322125 , -2.27533113],
       [ 0.99823443, -0.05900139,  0.00684602, -4.44747281],
       [-0.00492987,  0.03256086,  0.9994576 ,  1.40289379],
       [ 0.        ,  0.        ,  0.        ,  1.        ]]), False)","[-3.33624868e-02  5.39514476e-02  1.62759003e+00 -5.01574366e-04
 -1.60845117e-04  9.19430392e-04]"
3.2,"[[-0.05937475 -0.99772841  0.03182218 -2.26423812]
 [ 0.99822278 -0.05918121  0.00699056 -4.45505714]
 [-0.00509141  0.03218069  0.9994691   1.40459907]
 [ 0.          0.          0.          1.        ]]","(array([[-0.05940027, -0.99772686,  0.03182319, -2.27527483],
       [ 0.99822119, -0.05920624,  0.00700577, -4.44754693],
       [-0.00510571,  0.03218273,  0.99946896,  1.40282593],
       [ 0.        ,  0.        ,  0.        ,  1.        ]]), False)",[-0.08149609  0.08694104  1.67775674 -0.00306119 -0.00776143  0.00420511]
3.25,"[[-0.06019482 -0.99768773  0.031556   -2.26431417]
 [ 0.99817308 -0.05999911  0.0071136  -4.45551443]
 [-0.00520382  0.03192655  0.99947667  1.40506053]
 [ 0.          0.          0.          1.        ]]","(array([[-0.06022033, -0.99768615,  0.03155708, -2.27234153],
       [ 0.99817147, -0.06002414,  0.00712881, -4.44916052],
       [-0.00521813,  0.03192868,  0.99947653,  1.40295576],
       [ 0.        ,  0.        ,  0.        ,  1.        ]]), False)",[-0.09307025  0.05989467  1.74029569 -0.00193812 -0.00520947  0.01645762]
3.3,"[[-0.0616314  -0.99758694  0.03196651 -2.2644279 ]
 [ 0.99808706 -0.06144253  0.00685844 -4.45617294]
 [-0.00487779  0.03232805  0.99946541  1.40602899]
 [ 0.          0.          0.          1.        ]]","(array([[-0.06165691, -0.99758535,  0.03196713, -2.26570413],
       [ 0.99808541, -0.06146756,  0.00687365, -4.45267491],
       [-0.00489211,  0.03232974,  0.99946528,  1.40306643],
       [ 0.        ,  0.        ,  0.        ,  1.        ]]), False)",[-0.08830845  0.0789694   1.82278961  0.00601327  0.00841099  0.02874167]
3.35,"[[-6.35526695e-02 -9.97426411e-01  3.31905411e-02 -2.26458645e+00]
 [ 9.97968647e-01 -6.33692070e-02  6.55159088e-03 -4.45689487e+00]
 [-4.43147151e-03  3.35394905e-02  9.99427568e-01  1.40728915e+00]
 [ 0.00000000e+00  0.00000000e+00  0.00000000e+00  1.00000000e+00]]","(array([[-6.35781884e-02, -9.97424789e-01,  3.31904284e-02,
        -2.25562694e+00],
       [ 9.97966958e-01, -6.33942297e-02,  6.56680350e-03,
        -4.45736575e+00],
       [-4.44581095e-03,  3.35404563e-02,  9.99427472e-01,
         1.40449795e+00],
       [ 0.00000000e+00,  0.00000000e+00,  0.00000000e+00,
         1.00000000e+00]]), False)",[-0.03188169  0.07780498  1.7369255   0.00736784  0.02474466  0.03838121]
3.4,"[[-6.59851555e-02 -9.97298140e-01  3.22859096e-02 -2.26461554e+00]
 [ 9.97813352e-01 -6.58267552e-02  5.94589684e-03 -4.45754719e+00]
 [-3.80455519e-03  3.26076526e-02  9.99460988e-01  1.40854001e+00]
 [ 0.00000000e+00  0.00000000e+00  0.00000000e+00  1.00000000e+00]]","(array([[-6.60106465e-02, -9.97296512e-01,  3.22840862e-02,
        -2.24607653e+00],
       [ 9.97811610e-01, -6.58517700e-02,  5.96110938e-03,
        -4.46385083e+00],
       [-3.81902938e-03,  3.26069327e-02,  9.99460956e-01,
         1.39941924e+00],
       [ 0.00000000e+00,  0.00000000e+00,  0.00000000e+00,
         1.00000000e+00]]), False)","[ 1.82125504e-02 -7.09363633e-04  1.61924588e+00  1.37416809e-02
 -1.78141339e-02  4.88320005e-02]"
3.45,"[[-6.89155588e-02 -9.97187470e-01  2.94583587e-02 -2.26464367e+00]
 [ 9.97617861e-01 -6.87951690e-02  5.08214906e-03 -4.45804071e+00]
 [-3.04126260e-03  2.97384240e-02  9.99553089e-01  1.41024411e+00]
 [ 0.00000000e+00  0.00000000e+00  0.00000000e+00  1.00000000e+00]]","(array([[-6.89409766e-02, -9.97185852e-01,  2.94536809e-02,
        -2.23682270e+00],
       [ 9.97616060e-01, -6.88201595e-02,  5.09735953e-03,
        -4.47168950e+00],
       [-3.05600779e-03,  2.97348820e-02,  9.99553149e-01,
         1.38928757e+00],
       [ 0.00000000e+00,  0.00000000e+00,  0.00000000e+00,
